#radius(zone center) density  temperature  C12  Ne22
576
2.000000e+05  1.398895e+09  7.000000e+08  0.400000  0.030000
6.000000e+05  1.398774e+09  6.999695e+08  0.400000  0.030000
1.000000e+06  1.398533e+09  6.999086e+08  0.400000  0.030000
1.400000e+06  1.398171e+09  6.998172e+08  0.400000  0.030000
1.800000e+06  1.397689e+09  6.996954e+08  0.400000  0.030000
2.200000e+06  1.397087e+09  6.995432e+08  0.400000  0.030000
2.600000e+06  1.396365e+09  6.993607e+08  0.400000  0.030000
3.000000e+06  1.395523e+09  6.991478e+08  0.400000  0.030000
3.400000e+06  1.394561e+09  6.989046e+08  0.400000  0.030000
3.800000e+06  1.393480e+09  6.986312e+08  0.400000  0.030000
4.200000e+06  1.392281e+09  6.983276e+08  0.400000  0.030000
4.600000e+06  1.390963e+09  6.979939e+08  0.400000  0.030000
5.000000e+06  1.389527e+09  6.976301e+08  0.400000  0.030000
5.400000e+06  1.387973e+09  6.972364e+08  0.400000  0.030000
5.800000e+06  1.386302e+09  6.968127e+08  0.400000  0.030000
6.200000e+06  1.384515e+09  6.963592e+08  0.400000  0.030000
6.600000e+06  1.382612e+09  6.958760e+08  0.400000  0.030000
7.000000e+06  1.380593e+09  6.953632e+08  0.400000  0.030000
7.400000e+06  1.378460e+09  6.948208e+08  0.400000  0.030000
7.800000e+06  1.376213e+09  6.942490e+08  0.400000  0.030000
8.200000e+06  1.373852e+09  6.936479e+08  0.400000  0.030000
8.600000e+06  1.371379e+09  6.930176e+08  0.400000  0.030000
9.000000e+06  1.368794e+09  6.923582e+08  0.400000  0.030000
9.400000e+06  1.366098e+09  6.916698e+08  0.400000  0.030000
9.800000e+06  1.363292e+09  6.909527e+08  0.400000  0.030000
1.020000e+07  1.360377e+09  6.902068e+08  0.400000  0.030000
1.060000e+07  1.357354e+09  6.894324e+08  0.400000  0.030000
1.100000e+07  1.354223e+09  6.886296e+08  0.400000  0.030000
1.140000e+07  1.350986e+09  6.877986e+08  0.400000  0.030000
1.180000e+07  1.347644e+09  6.869395e+08  0.400000  0.030000
1.220000e+07  1.344197e+09  6.860525e+08  0.400000  0.030000
1.260000e+07  1.340647e+09  6.851378e+08  0.400000  0.030000
1.300000e+07  1.336995e+09  6.841955e+08  0.400000  0.030000
1.340000e+07  1.333241e+09  6.832257e+08  0.400000  0.030000
1.380000e+07  1.329388e+09  6.822288e+08  0.400000  0.030000
1.420000e+07  1.325437e+09  6.812048e+08  0.400000  0.030000
1.460000e+07  1.321387e+09  6.801540e+08  0.400000  0.030000
1.500000e+07  1.317242e+09  6.790765e+08  0.400000  0.030000
1.540000e+07  1.313001e+09  6.779726e+08  0.400000  0.030000
1.580000e+07  1.308667e+09  6.768425e+08  0.400000  0.030000
1.620000e+07  1.304240e+09  6.756863e+08  0.400000  0.030000
1.660000e+07  1.299722e+09  6.745043e+08  0.400000  0.030000
1.700000e+07  1.295114e+09  6.732967e+08  0.400000  0.030000
1.740000e+07  1.290418e+09  6.720637e+08  0.400000  0.030000
1.780000e+07  1.285635e+09  6.708055e+08  0.400000  0.030000
1.820000e+07  1.280766e+09  6.695224e+08  0.400000  0.030000
1.860000e+07  1.275813e+09  6.682146e+08  0.400000  0.030000
1.900000e+07  1.270777e+09  6.668823e+08  0.400000  0.030000
1.940000e+07  1.265660e+09  6.655258e+08  0.400000  0.030000
1.980000e+07  1.260463e+09  6.641452e+08  0.400000  0.030000
2.020000e+07  1.255187e+09  6.627410e+08  0.400000  0.030000
2.060000e+07  1.249835e+09  6.613132e+08  0.400000  0.030000
2.100000e+07  1.244407e+09  6.598621e+08  0.400000  0.030000
2.140000e+07  1.238905e+09  6.583881e+08  0.400000  0.030000
2.180000e+07  1.233330e+09  6.568913e+08  0.400000  0.030000
2.220000e+07  1.227685e+09  6.553720e+08  0.400000  0.030000
2.260000e+07  1.221970e+09  6.538305e+08  0.400000  0.030000
2.300000e+07  1.216188e+09  6.522670e+08  0.400000  0.030000
2.340000e+07  1.210340e+09  6.506818e+08  0.400000  0.030000
2.380000e+07  1.204427e+09  6.490752e+08  0.400000  0.030000
2.420000e+07  1.198451e+09  6.474474e+08  0.400000  0.030000
2.460000e+07  1.192413e+09  6.457987e+08  0.400000  0.030000
2.500000e+07  1.186316e+09  6.441295e+08  0.400000  0.030000
2.540000e+07  1.180161e+09  6.424398e+08  0.400000  0.030000
2.580000e+07  1.173949e+09  6.407302e+08  0.400000  0.030000
2.620000e+07  1.167682e+09  6.390007e+08  0.400000  0.030000
2.660000e+07  1.161361e+09  6.372517e+08  0.400000  0.030000
2.700000e+07  1.154989e+09  6.354836e+08  0.400000  0.030000
2.740000e+07  1.148566e+09  6.336965e+08  0.400000  0.030000
2.780000e+07  1.142094e+09  6.318907e+08  0.400000  0.030000
2.820000e+07  1.135576e+09  6.300666e+08  0.400000  0.030000
2.860000e+07  1.129012e+09  6.282245e+08  0.400000  0.030000
2.900000e+07  1.122404e+09  6.263646e+08  0.400000  0.030000
2.940000e+07  1.115754e+09  6.244871e+08  0.400000  0.030000
2.980000e+07  1.109063e+09  6.225925e+08  0.400000  0.030000
3.020000e+07  1.102332e+09  6.206810e+08  0.400000  0.030000
3.060000e+07  1.095564e+09  6.187529e+08  0.400000  0.030000
3.100000e+07  1.088761e+09  6.168084e+08  0.400000  0.030000
3.140000e+07  1.081922e+09  6.148480e+08  0.400000  0.030000
3.180000e+07  1.075051e+09  6.128718e+08  0.400000  0.030000
3.220000e+07  1.068148e+09  6.108802e+08  0.400000  0.030000
3.260000e+07  1.061215e+09  6.088734e+08  0.400000  0.030000
3.300000e+07  1.054254e+09  6.068518e+08  0.400000  0.030000
3.340000e+07  1.047266e+09  6.048157e+08  0.400000  0.030000
3.380000e+07  1.040253e+09  6.027653e+08  0.400000  0.030000
3.420000e+07  1.033216e+09  6.007010e+08  0.400000  0.030000
3.460000e+07  1.026157e+09  5.986230e+08  0.400000  0.030000
3.500000e+07  1.019077e+09  5.965316e+08  0.400000  0.030000
3.540000e+07  1.011978e+09  5.944272e+08  0.400000  0.030000
3.580000e+07  1.004862e+09  5.923100e+08  0.400000  0.030000
3.620000e+07  9.977284e+08  5.901803e+08  0.400000  0.030000
3.660000e+07  9.905801e+08  5.880385e+08  0.400000  0.030000
3.700000e+07  9.834181e+08  5.858848e+08  0.400000  0.030000
3.740000e+07  9.762440e+08  5.837194e+08  0.400000  0.030000
3.780000e+07  9.690591e+08  5.815428e+08  0.400000  0.030000
3.820000e+07  9.618649e+08  5.793551e+08  0.400000  0.030000
3.860000e+07  9.546627e+08  5.771568e+08  0.400000  0.030000
3.900000e+07  9.474540e+08  5.749479e+08  0.400000  0.030000
3.940000e+07  9.402399e+08  5.727290e+08  0.400000  0.030000
3.980000e+07  9.330218e+08  5.705002e+08  0.400000  0.030000
4.020000e+07  9.258011e+08  5.682618e+08  0.400000  0.030000
4.060000e+07  9.185789e+08  5.660141e+08  0.400000  0.030000
4.100000e+07  9.113564e+08  5.637574e+08  0.400000  0.030000
4.140000e+07  9.041350e+08  5.614921e+08  0.400000  0.030000
4.180000e+07  8.969158e+08  5.592182e+08  0.400000  0.030000
4.220000e+07  8.896999e+08  5.569362e+08  0.400000  0.030000
4.260000e+07  8.824886e+08  5.546463e+08  0.400000  0.030000
4.300000e+07  8.752830e+08  5.523488e+08  0.400000  0.030000
4.340000e+07  8.680842e+08  5.500440e+08  0.400000  0.030000
4.380000e+07  8.608933e+08  5.477321e+08  0.400000  0.030000
4.420000e+07  8.537115e+08  5.454134e+08  0.400000  0.030000
4.460000e+07  8.465399e+08  5.430882e+08  0.400000  0.030000
4.500000e+07  8.393794e+08  5.407567e+08  0.400000  0.030000
4.540000e+07  8.322313e+08  5.384192e+08  0.400000  0.030000
4.580000e+07  8.250964e+08  5.360760e+08  0.400000  0.030000
4.620000e+07  8.179760e+08  5.337273e+08  0.400000  0.030000
4.660000e+07  8.108710e+08  5.313734e+08  0.400000  0.030000
4.700000e+07  8.037825e+08  5.290146e+08  0.400000  0.030000
4.740000e+07  7.967114e+08  5.266510e+08  0.400000  0.030000
4.780000e+07  7.896584e+08  5.242831e+08  0.400000  0.030000
4.820000e+07  7.826246e+08  5.219109e+08  0.400000  0.030000
4.860000e+07  7.756107e+08  5.195348e+08  0.400000  0.030000
4.900000e+07  7.686179e+08  5.171549e+08  0.400000  0.030000
4.940000e+07  7.616470e+08  5.147717e+08  0.400000  0.030000
4.980000e+07  7.546988e+08  5.123852e+08  0.400000  0.030000
5.020000e+07  7.477743e+08  5.099958e+08  0.400000  0.030000
5.060000e+07  7.408740e+08  5.076036e+08  0.400000  0.030000
5.100000e+07  7.339990e+08  5.052089e+08  0.400000  0.030000
5.140000e+07  7.271498e+08  5.028120e+08  0.400000  0.030000
5.180000e+07  7.203272e+08  5.004130e+08  0.400000  0.030000
5.220000e+07  7.135318e+08  4.980122e+08  0.400000  0.030000
5.260000e+07  7.067645e+08  4.956099e+08  0.400000  0.030000
5.300000e+07  7.000257e+08  4.932061e+08  0.400000  0.030000
5.340000e+07  6.933161e+08  4.908013e+08  0.400000  0.030000
5.380000e+07  6.866365e+08  4.883955e+08  0.400000  0.030000
5.420000e+07  6.799873e+08  4.859890e+08  0.400000  0.030000
5.460000e+07  6.733692e+08  4.835821e+08  0.400000  0.030000
5.500000e+07  6.667829e+08  4.811748e+08  0.400000  0.030000
5.540000e+07  6.602287e+08  4.787674e+08  0.400000  0.030000
5.580000e+07  6.537075e+08  4.763602e+08  0.400000  0.030000
5.620000e+07  6.472197e+08  4.739533e+08  0.400000  0.030000
5.660000e+07  6.407659e+08  4.715469e+08  0.400000  0.030000
5.700000e+07  6.343466e+08  4.691413e+08  0.400000  0.030000
5.740000e+07  6.279623e+08  4.667366e+08  0.400000  0.030000
5.780000e+07  6.216132e+08  4.643329e+08  0.400000  0.030000
5.820000e+07  6.152999e+08  4.619306e+08  0.400000  0.030000
5.860000e+07  6.090230e+08  4.595298e+08  0.400000  0.030000
5.900000e+07  6.027828e+08  4.571306e+08  0.400000  0.030000
5.940000e+07  5.965798e+08  4.547333e+08  0.400000  0.030000
5.980000e+07  5.904143e+08  4.523381e+08  0.400000  0.030000
6.020000e+07  5.842868e+08  4.499450e+08  0.400000  0.030000
6.060000e+07  5.781975e+08  4.475543e+08  0.400000  0.030000
6.100000e+07  5.721467e+08  4.451662e+08  0.400000  0.030000
6.140000e+07  5.661348e+08  4.427808e+08  0.400000  0.030000
6.180000e+07  5.601619e+08  4.403983e+08  0.400000  0.030000
6.220000e+07  5.542284e+08  4.380188e+08  0.400000  0.030000
6.260000e+07  5.483344e+08  4.356425e+08  0.400000  0.030000
6.300000e+07  5.424803e+08  4.332696e+08  0.400000  0.030000
6.340000e+07  5.366662e+08  4.309002e+08  0.400000  0.030000
6.380000e+07  5.308924e+08  4.285345e+08  0.400000  0.030000
6.420000e+07  5.251591e+08  4.261726e+08  0.400000  0.030000
6.460000e+07  5.194665e+08  4.238147e+08  0.400000  0.030000
6.500000e+07  5.138150e+08  4.214608e+08  0.400000  0.030000
6.540000e+07  5.082046e+08  4.191112e+08  0.400000  0.030000
6.580000e+07  5.026356e+08  4.167660e+08  0.400000  0.030000
6.620000e+07  4.971079e+08  4.144254e+08  0.400000  0.030000
6.660000e+07  4.916217e+08  4.120894e+08  0.400000  0.030000
6.700000e+07  4.861773e+08  4.097581e+08  0.400000  0.030000
6.740000e+07  4.807746e+08  4.074318e+08  0.400000  0.030000
6.780000e+07  4.754140e+08  4.051106e+08  0.400000  0.030000
6.820000e+07  4.700955e+08  4.027945e+08  0.400000  0.030000
6.860000e+07  4.648190e+08  4.004837e+08  0.400000  0.030000
6.900000e+07  4.595848e+08  3.981784e+08  0.400000  0.030000
6.940000e+07  4.543927e+08  3.958785e+08  0.400000  0.030000
6.980000e+07  4.492428e+08  3.935844e+08  0.400000  0.030000
7.020000e+07  4.441352e+08  3.912959e+08  0.400000  0.030000
7.060000e+07  4.390696e+08  3.890134e+08  0.400000  0.030000
7.100000e+07  4.340463e+08  3.867368e+08  0.400000  0.030000
7.140000e+07  4.290651e+08  3.844663e+08  0.400000  0.030000
7.180000e+07  4.241260e+08  3.822019e+08  0.400000  0.030000
7.220000e+07  4.192291e+08  3.799439e+08  0.400000  0.030000
7.260000e+07  4.143743e+08  3.776922e+08  0.400000  0.030000
7.300000e+07  4.095616e+08  3.754470e+08  0.400000  0.030000
7.340000e+07  4.047910e+08  3.732083e+08  0.400000  0.030000
7.380000e+07  4.000625e+08  3.709763e+08  0.400000  0.030000
7.420000e+07  3.953759e+08  3.687510e+08  0.400000  0.030000
7.460000e+07  3.907311e+08  3.665326e+08  0.400000  0.030000
7.500000e+07  3.861280e+08  3.643210e+08  0.400000  0.030000
7.540000e+07  3.815668e+08  3.621165e+08  0.400000  0.030000
7.580000e+07  3.770472e+08  3.599191e+08  0.400000  0.030000
7.620000e+07  3.725693e+08  3.577288e+08  0.400000  0.030000
7.660000e+07  3.681328e+08  3.555457e+08  0.400000  0.030000
7.700000e+07  3.637376e+08  3.533699e+08  0.400000  0.030000
7.740000e+07  3.593836e+08  3.512016e+08  0.400000  0.030000
7.780000e+07  3.550706e+08  3.490406e+08  0.400000  0.030000
7.820000e+07  3.507984e+08  3.468872e+08  0.400000  0.030000
7.860000e+07  3.465669e+08  3.447414e+08  0.400000  0.030000
7.900000e+07  3.423759e+08  3.426031e+08  0.400000  0.030000
7.940000e+07  3.382252e+08  3.404726e+08  0.400000  0.030000
7.980000e+07  3.341148e+08  3.383499e+08  0.400000  0.030000
8.020000e+07  3.300443e+08  3.362350e+08  0.400000  0.030000
8.060000e+07  3.260138e+08  3.341279e+08  0.400000  0.030000
8.100000e+07  3.220230e+08  3.320288e+08  0.400000  0.030000
8.140000e+07  3.180718e+08  3.299376e+08  0.400000  0.030000
8.180000e+07  3.141600e+08  3.278545e+08  0.400000  0.030000
8.220000e+07  3.102873e+08  3.257795e+08  0.400000  0.030000
8.260000e+07  3.064535e+08  3.237125e+08  0.400000  0.030000
8.300000e+07  3.026586e+08  3.216538e+08  0.400000  0.030000
8.340000e+07  2.989024e+08  3.196033e+08  0.400000  0.030000
8.380000e+07  2.951846e+08  3.175610e+08  0.400000  0.030000
8.420000e+07  2.915050e+08  3.155271e+08  0.400000  0.030000
8.460000e+07  2.878633e+08  3.135014e+08  0.400000  0.030000
8.500000e+07  2.842595e+08  3.114842e+08  0.400000  0.030000
8.540000e+07  2.806931e+08  3.094753e+08  0.400000  0.030000
8.580000e+07  2.771639e+08  3.074750e+08  0.400000  0.030000
8.620000e+07  2.736717e+08  3.054830e+08  0.400000  0.030000
8.660000e+07  2.702163e+08  3.034996e+08  0.400000  0.030000
8.700000e+07  2.667974e+08  3.015247e+08  0.400000  0.030000
8.740000e+07  2.634148e+08  2.995584e+08  0.400000  0.030000
8.780000e+07  2.600683e+08  2.976007e+08  0.400000  0.030000
8.820000e+07  2.567576e+08  2.956515e+08  0.400000  0.030000
8.860000e+07  2.534826e+08  2.937110e+08  0.400000  0.030000
8.900000e+07  2.502430e+08  2.917792e+08  0.400000  0.030000
8.940000e+07  2.470385e+08  2.898560e+08  0.400000  0.030000
8.980000e+07  2.438689e+08  2.879415e+08  0.400000  0.030000
9.020000e+07  2.407339e+08  2.860358e+08  0.400000  0.030000
9.060000e+07  2.376334e+08  2.841387e+08  0.400000  0.030000
9.100000e+07  2.345670e+08  2.822505e+08  0.400000  0.030000
9.140000e+07  2.315346e+08  2.803709e+08  0.400000  0.030000
9.180000e+07  2.285359e+08  2.785002e+08  0.400000  0.030000
9.220000e+07  2.255705e+08  2.766382e+08  0.400000  0.030000
9.260000e+07  2.226382e+08  2.747851e+08  0.400000  0.030000
9.300000e+07  2.197387e+08  2.729407e+08  0.400000  0.030000
9.340000e+07  2.168718e+08  2.711052e+08  0.400000  0.030000
9.380000e+07  2.140371e+08  2.692785e+08  0.400000  0.030000
9.420000e+07  2.112345e+08  2.674605e+08  0.400000  0.030000
9.460000e+07  2.084636e+08  2.656515e+08  0.400000  0.030000
9.500000e+07  2.057243e+08  2.638512e+08  0.400000  0.030000
9.540000e+07  2.030162e+08  2.620598e+08  0.400000  0.030000
9.580000e+07  2.003392e+08  2.602772e+08  0.400000  0.030000
9.620000e+07  1.976930e+08  2.585034e+08  0.400000  0.030000
9.660000e+07  1.950772e+08  2.567385e+08  0.400000  0.030000
9.700000e+07  1.924916e+08  2.549824e+08  0.400000  0.030000
9.740000e+07  1.899361e+08  2.532352e+08  0.400000  0.030000
9.780000e+07  1.874103e+08  2.514967e+08  0.400000  0.030000
9.820000e+07  1.849140e+08  2.497671e+08  0.400000  0.030000
9.860000e+07  1.824469e+08  2.480463e+08  0.400000  0.030000
9.900000e+07  1.800088e+08  2.463343e+08  0.400000  0.030000
9.940000e+07  1.775993e+08  2.446312e+08  0.400000  0.030000
9.980000e+07  1.752182e+08  2.429368e+08  0.400000  0.030000
1.002000e+08  1.728652e+08  2.412512e+08  0.400000  0.030000
1.006000e+08  1.705400e+08  2.395744e+08  0.400000  0.030000
1.010000e+08  1.682424e+08  2.379063e+08  0.400000  0.030000
1.014000e+08  1.659721e+08  2.362470e+08  0.400000  0.030000
1.018000e+08  1.637289e+08  2.345965e+08  0.400000  0.030000
1.022000e+08  1.615125e+08  2.329547e+08  0.400000  0.030000
1.026000e+08  1.593228e+08  2.313215e+08  0.400000  0.030000
1.030000e+08  1.571593e+08  2.296971e+08  0.400000  0.030000
1.034000e+08  1.550220e+08  2.280814e+08  0.400000  0.030000
1.038000e+08  1.529104e+08  2.264743e+08  0.400000  0.030000
1.042000e+08  1.508244e+08  2.248759e+08  0.400000  0.030000
1.046000e+08  1.487638e+08  2.232862e+08  0.400000  0.030000
1.050000e+08  1.467284e+08  2.217050e+08  0.400000  0.030000
1.054000e+08  1.447177e+08  2.201325e+08  0.400000  0.030000
1.058000e+08  1.427316e+08  2.185685e+08  0.400000  0.030000
1.062000e+08  1.407699e+08  2.170132e+08  0.400000  0.030000
1.066000e+08  1.388321e+08  2.154663e+08  0.400000  0.030000
1.070000e+08  1.369182e+08  2.139280e+08  0.400000  0.030000
1.074000e+08  1.350278e+08  2.123982e+08  0.400000  0.030000
1.078000e+08  1.331608e+08  2.108769e+08  0.400000  0.030000
1.082000e+08  1.313168e+08  2.093640e+08  0.400000  0.030000
1.086000e+08  1.294956e+08  2.078595e+08  0.400000  0.030000
1.090000e+08  1.276971e+08  2.063635e+08  0.400000  0.030000
1.094000e+08  1.259210e+08  2.048759e+08  0.400000  0.030000
1.098000e+08  1.241670e+08  2.033966e+08  0.400000  0.030000
1.102000e+08  1.224349e+08  2.019256e+08  0.400000  0.030000
1.106000e+08  1.207245e+08  2.004630e+08  0.400000  0.030000
1.110000e+08  1.190356e+08  1.990087e+08  0.400000  0.030000
1.114000e+08  1.173679e+08  1.975626e+08  0.400000  0.030000
1.118000e+08  1.157212e+08  1.961248e+08  0.400000  0.030000
1.122000e+08  1.140954e+08  1.946951e+08  0.400000  0.030000
1.126000e+08  1.124900e+08  1.932737e+08  0.400000  0.030000
1.130000e+08  1.109050e+08  1.918604e+08  0.400000  0.030000
1.134000e+08  1.093401e+08  1.904553e+08  0.400000  0.030000
1.138000e+08  1.077949e+08  1.890582e+08  0.400000  0.030000
1.142000e+08  1.062695e+08  1.876693e+08  0.400000  0.030000
1.146000e+08  1.047634e+08  1.862883e+08  0.400000  0.030000
1.150000e+08  1.032765e+08  1.849154e+08  0.400000  0.030000
1.154000e+08  1.018086e+08  1.835504e+08  0.400000  0.030000
1.158000e+08  1.003596e+08  1.821935e+08  0.400000  0.030000
1.162000e+08  9.892911e+07  1.808444e+08  0.400000  0.030000
1.166000e+08  9.751698e+07  1.795032e+08  0.400000  0.030000
1.170000e+08  9.612304e+07  1.781699e+08  0.400000  0.030000
1.174000e+08  9.474708e+07  1.768444e+08  0.400000  0.030000
1.178000e+08  9.338891e+07  1.755267e+08  0.400000  0.030000
1.182000e+08  9.204831e+07  1.742168e+08  0.400000  0.030000
1.186000e+08  9.072508e+07  1.729147e+08  0.400000  0.030000
1.190000e+08  8.941901e+07  1.716202e+08  0.400000  0.030000
1.194000e+08  8.812989e+07  1.703334e+08  0.400000  0.030000
1.198000e+08  8.685751e+07  1.690543e+08  0.400000  0.030000
1.202000e+08  8.560168e+07  1.677828e+08  0.400000  0.030000
1.206000e+08  8.436220e+07  1.665188e+08  0.400000  0.030000
1.210000e+08  8.313889e+07  1.652624e+08  0.400000  0.030000
1.214000e+08  8.193156e+07  1.640135e+08  0.400000  0.030000
1.218000e+08  8.074005e+07  1.627721e+08  0.400000  0.030000
1.222000e+08  7.956418e+07  1.615381e+08  0.400000  0.030000
1.226000e+08  7.840374e+07  1.603115e+08  0.400000  0.030000
1.230000e+08  7.725855e+07  1.590923e+08  0.400000  0.030000
1.234000e+08  7.612844e+07  1.578804e+08  0.400000  0.030000
1.238000e+08  7.501326e+07  1.566759e+08  0.400000  0.030000
1.242000e+08  7.391283e+07  1.554786e+08  0.400000  0.030000
1.246000e+08  7.282696e+07  1.542886e+08  0.400000  0.030000
1.250000e+08  7.175548e+07  1.531058e+08  0.400000  0.030000
1.254000e+08  7.069819e+07  1.519302e+08  0.400000  0.030000
1.258000e+08  6.965493e+07  1.507617e+08  0.400000  0.030000
1.262000e+08  6.862552e+07  1.496003e+08  0.400000  0.030000
1.266000e+08  6.760979e+07  1.484460e+08  0.400000  0.030000
1.270000e+08  6.660757e+07  1.472987e+08  0.400000  0.030000
1.274000e+08  6.561871e+07  1.461584e+08  0.400000  0.030000
1.278000e+08  6.464305e+07  1.450250e+08  0.400000  0.030000
1.282000e+08  6.368044e+07  1.438987e+08  0.400000  0.030000
1.286000e+08  6.273073e+07  1.427791e+08  0.400000  0.030000
1.290000e+08  6.179374e+07  1.416665e+08  0.400000  0.030000
1.294000e+08  6.086932e+07  1.405607e+08  0.400000  0.030000
1.298000e+08  5.995734e+07  1.394617e+08  0.400000  0.030000
1.302000e+08  5.905764e+07  1.383694e+08  0.400000  0.030000
1.306000e+08  5.817008e+07  1.372839e+08  0.400000  0.030000
1.310000e+08  5.729450e+07  1.362050e+08  0.400000  0.030000
1.314000e+08  5.642844e+07  1.000000e+08  0.500000  0.020000
1.318000e+08  5.557471e+07  1.000000e+08  0.500000  0.020000
1.322000e+08  5.473257e+07  1.000000e+08  0.500000  0.020000
1.326000e+08  5.390187e+07  1.000000e+08  0.500000  0.020000
1.330000e+08  5.308247e+07  1.000000e+08  0.500000  0.020000
1.334000e+08  5.227423e+07  1.000000e+08  0.500000  0.020000
1.338000e+08  5.147701e+07  1.000000e+08  0.500000  0.020000
1.342000e+08  5.069069e+07  1.000000e+08  0.500000  0.020000
1.346000e+08  4.991515e+07  1.000000e+08  0.500000  0.020000
1.350000e+08  4.915020e+07  1.000000e+08  0.500000  0.020000
1.354000e+08  4.839575e+07  1.000000e+08  0.500000  0.020000
1.358000e+08  4.765166e+07  1.000000e+08  0.500000  0.020000
1.362000e+08  4.691780e+07  1.000000e+08  0.500000  0.020000
1.366000e+08  4.619406e+07  1.000000e+08  0.500000  0.020000
1.370000e+08  4.548029e+07  1.000000e+08  0.500000  0.020000
1.374000e+08  4.477637e+07  1.000000e+08  0.500000  0.020000
1.378000e+08  4.408215e+07  1.000000e+08  0.500000  0.020000
1.382000e+08  4.339752e+07  1.000000e+08  0.500000  0.020000
1.386000e+08  4.272234e+07  1.000000e+08  0.500000  0.020000
1.390000e+08  4.205650e+07  1.000000e+08  0.500000  0.020000
1.394000e+08  4.139988e+07  1.000000e+08  0.500000  0.020000
1.398000e+08  4.075236e+07  1.000000e+08  0.500000  0.020000
1.402000e+08  4.011385e+07  1.000000e+08  0.500000  0.020000
1.406000e+08  3.948422e+07  1.000000e+08  0.500000  0.020000
1.410000e+08  3.886334e+07  1.000000e+08  0.500000  0.020000
1.414000e+08  3.825112e+07  1.000000e+08  0.500000  0.020000
1.418000e+08  3.764745e+07  1.000000e+08  0.500000  0.020000
1.422000e+08  3.705222e+07  1.000000e+08  0.500000  0.020000
1.426000e+08  3.646532e+07  1.000000e+08  0.500000  0.020000
1.430000e+08  3.588664e+07  1.000000e+08  0.500000  0.020000
1.434000e+08  3.531607e+07  1.000000e+08  0.500000  0.020000
1.438000e+08  3.475349e+07  1.000000e+08  0.500000  0.020000
1.442000e+08  3.419880e+07  1.000000e+08  0.500000  0.020000
1.446000e+08  3.365190e+07  1.000000e+08  0.500000  0.020000
1.450000e+08  3.311268e+07  1.000000e+08  0.500000  0.020000
1.454000e+08  3.258106e+07  1.000000e+08  0.500000  0.020000
1.458000e+08  3.205693e+07  1.000000e+08  0.500000  0.020000
1.462000e+08  3.154021e+07  1.000000e+08  0.500000  0.020000
1.466000e+08  3.103077e+07  1.000000e+08  0.500000  0.020000
1.470000e+08  3.052855e+07  1.000000e+08  0.500000  0.020000
1.474000e+08  3.003344e+07  1.000000e+08  0.500000  0.020000
1.478000e+08  2.954536e+07  1.000000e+08  0.500000  0.020000
1.482000e+08  2.906422e+07  1.000000e+08  0.500000  0.020000
1.486000e+08  2.858992e+07  1.000000e+08  0.500000  0.020000
1.490000e+08  2.812236e+07  1.000000e+08  0.500000  0.020000
1.494000e+08  2.766146e+07  1.000000e+08  0.500000  0.020000
1.498000e+08  2.720712e+07  1.000000e+08  0.500000  0.020000
1.502000e+08  2.675925e+07  1.000000e+08  0.500000  0.020000
1.506000e+08  2.631778e+07  1.000000e+08  0.500000  0.020000
1.510000e+08  2.588261e+07  1.000000e+08  0.500000  0.020000
1.514000e+08  2.545368e+07  1.000000e+08  0.500000  0.020000
1.518000e+08  2.503090e+07  1.000000e+08  0.500000  0.020000
1.522000e+08  2.461418e+07  1.000000e+08  0.500000  0.020000
1.526000e+08  2.420344e+07  1.000000e+08  0.500000  0.020000
1.530000e+08  2.379862e+07  1.000000e+08  0.500000  0.020000
1.534000e+08  2.339964e+07  1.000000e+08  0.500000  0.020000
1.538000e+08  2.300641e+07  1.000000e+08  0.500000  0.020000
1.542000e+08  2.261887e+07  1.000000e+08  0.500000  0.020000
1.546000e+08  2.223692e+07  1.000000e+08  0.500000  0.020000
1.550000e+08  2.186049e+07  1.000000e+08  0.500000  0.020000
1.554000e+08  2.148951e+07  1.000000e+08  0.500000  0.020000
1.558000e+08  2.112390e+07  1.000000e+08  0.500000  0.020000
1.562000e+08  2.076360e+07  1.000000e+08  0.500000  0.020000
1.566000e+08  2.040853e+07  1.000000e+08  0.500000  0.020000
1.570000e+08  2.005863e+07  1.000000e+08  0.500000  0.020000
1.574000e+08  1.971383e+07  1.000000e+08  0.500000  0.020000
1.578000e+08  1.937405e+07  1.000000e+08  0.500000  0.020000
1.582000e+08  1.903924e+07  1.000000e+08  0.500000  0.020000
1.586000e+08  1.870934e+07  1.000000e+08  0.500000  0.020000
1.590000e+08  1.838427e+07  1.000000e+08  0.500000  0.020000
1.594000e+08  1.806397e+07  1.000000e+08  0.500000  0.020000
1.598000e+08  1.774837e+07  1.000000e+08  0.500000  0.020000
1.602000e+08  1.743741e+07  1.000000e+08  0.500000  0.020000
1.606000e+08  1.713103e+07  1.000000e+08  0.500000  0.020000
1.610000e+08  1.682915e+07  1.000000e+08  0.500000  0.020000
1.614000e+08  1.653172e+07  1.000000e+08  0.500000  0.020000
1.618000e+08  1.623869e+07  1.000000e+08  0.500000  0.020000
1.622000e+08  1.595000e+07  1.000000e+08  0.500000  0.020000
1.626000e+08  1.566558e+07  1.000000e+08  0.500000  0.020000
1.630000e+08  1.538539e+07  1.000000e+08  0.500000  0.020000
1.634000e+08  1.510936e+07  1.000000e+08  0.500000  0.020000
1.638000e+08  1.483744e+07  1.000000e+08  0.500000  0.020000
1.642000e+08  1.456958e+07  1.000000e+08  0.500000  0.020000
1.646000e+08  1.430571e+07  1.000000e+08  0.500000  0.020000
1.650000e+08  1.404580e+07  1.000000e+08  0.500000  0.020000
1.654000e+08  1.378977e+07  1.000000e+08  0.500000  0.020000
1.658000e+08  1.353757e+07  1.000000e+08  0.500000  0.020000
1.662000e+08  1.328915e+07  1.000000e+08  0.500000  0.020000
1.666000e+08  1.304447e+07  1.000000e+08  0.500000  0.020000
1.670000e+08  1.280347e+07  1.000000e+08  0.500000  0.020000
1.674000e+08  1.256611e+07  1.000000e+08  0.500000  0.020000
1.678000e+08  1.233233e+07  1.000000e+08  0.500000  0.020000
1.682000e+08  1.210209e+07  1.000000e+08  0.500000  0.020000
1.686000e+08  1.187534e+07  1.000000e+08  0.500000  0.020000
1.690000e+08  1.165204e+07  1.000000e+08  0.500000  0.020000
1.694000e+08  1.143213e+07  1.000000e+08  0.500000  0.020000
1.698000e+08  1.121558e+07  1.000000e+08  0.500000  0.020000
1.702000e+08  1.100232e+07  1.000000e+08  0.500000  0.020000
1.706000e+08  1.079232e+07  1.000000e+08  0.500000  0.020000
1.710000e+08  1.058554e+07  1.000000e+08  0.500000  0.020000
1.714000e+08  1.038192e+07  1.000000e+08  0.500000  0.020000
1.718000e+08  1.018143e+07  1.000000e+08  0.500000  0.020000
1.722000e+08  9.984023e+06  1.000000e+08  0.500000  0.020000
1.726000e+08  9.789660e+06  1.000000e+08  0.500000  0.020000
1.730000e+08  9.598300e+06  1.000000e+08  0.500000  0.020000
1.734000e+08  9.409905e+06  1.000000e+08  0.500000  0.020000
1.738000e+08  9.224434e+06  1.000000e+08  0.500000  0.020000
1.742000e+08  9.041847e+06  1.000000e+08  0.500000  0.020000
1.746000e+08  8.862102e+06  1.000000e+08  0.500000  0.020000
1.750000e+08  8.685158e+06  1.000000e+08  0.500000  0.020000
1.754000e+08  8.510977e+06  1.000000e+08  0.500000  0.020000
1.758000e+08  8.339521e+06  1.000000e+08  0.500000  0.020000
1.762000e+08  8.170754e+06  1.000000e+08  0.500000  0.020000
1.766000e+08  8.004642e+06  1.000000e+08  0.500000  0.020000
1.770000e+08  7.841149e+06  1.000000e+08  0.500000  0.020000
1.774000e+08  7.680236e+06  1.000000e+08  0.500000  0.020000
1.778000e+08  7.521871e+06  1.000000e+08  0.500000  0.020000
1.782000e+08  7.366023e+06  1.000000e+08  0.500000  0.020000
1.786000e+08  7.212654e+06  1.000000e+08  0.500000  0.020000
1.790000e+08  7.061730e+06  1.000000e+08  0.500000  0.020000
1.794000e+08  6.913216e+06  1.000000e+08  0.500000  0.020000
1.798000e+08  6.767077e+06  1.000000e+08  0.500000  0.020000
1.802000e+08  6.623282e+06  1.000000e+08  0.500000  0.020000
1.806000e+08  6.481800e+06  1.000000e+08  0.500000  0.020000
1.810000e+08  6.342600e+06  1.000000e+08  0.500000  0.020000
1.814000e+08  6.205652e+06  1.000000e+08  0.500000  0.020000
1.818000e+08  6.070923e+06  1.000000e+08  0.500000  0.020000
1.822000e+08  5.938387e+06  1.000000e+08  0.500000  0.020000
1.826000e+08  5.808013e+06  1.000000e+08  0.500000  0.020000
1.830000e+08  5.679772e+06  1.000000e+08  0.500000  0.020000
1.834000e+08  5.553632e+06  1.000000e+08  0.500000  0.020000
1.838000e+08  5.429564e+06  1.000000e+08  0.500000  0.020000
1.842000e+08  5.307539e+06  1.000000e+08  0.500000  0.020000
1.846000e+08  5.187529e+06  1.000000e+08  0.500000  0.020000
1.850000e+08  5.069510e+06  1.000000e+08  0.500000  0.020000
1.854000e+08  4.953453e+06  1.000000e+08  0.500000  0.020000
1.858000e+08  4.839332e+06  1.000000e+08  0.500000  0.020000
1.862000e+08  4.727121e+06  1.000000e+08  0.500000  0.020000
1.866000e+08  4.616796e+06  1.000000e+08  0.500000  0.020000
1.870000e+08  4.508331e+06  1.000000e+08  0.500000  0.020000
1.874000e+08  4.401698e+06  1.000000e+08  0.500000  0.020000
1.878000e+08  4.296871e+06  1.000000e+08  0.500000  0.020000
1.882000e+08  4.193826e+06  1.000000e+08  0.500000  0.020000
1.886000e+08  4.092539e+06  1.000000e+08  0.500000  0.020000
1.890000e+08  3.992988e+06  1.000000e+08  0.500000  0.020000
1.894000e+08  3.895148e+06  1.000000e+08  0.500000  0.020000
1.898000e+08  3.798997e+06  1.000000e+08  0.500000  0.020000
1.902000e+08  3.704513e+06  1.000000e+08  0.500000  0.020000
1.906000e+08  3.611674e+06  1.000000e+08  0.500000  0.020000
1.910000e+08  3.520456e+06  1.000000e+08  0.500000  0.020000
1.914000e+08  3.430836e+06  1.000000e+08  0.500000  0.020000
1.918000e+08  3.342792e+06  1.000000e+08  0.500000  0.020000
1.922000e+08  3.256303e+06  1.000000e+08  0.500000  0.020000
1.926000e+08  3.171350e+06  1.000000e+08  0.500000  0.020000
1.930000e+08  3.087911e+06  1.000000e+08  0.500000  0.020000
1.934000e+08  3.005967e+06  1.000000e+08  0.500000  0.020000
1.938000e+08  2.925498e+06  1.000000e+08  0.500000  0.020000
1.942000e+08  2.846485e+06  1.000000e+08  0.500000  0.020000
1.946000e+08  2.768906e+06  1.000000e+08  0.500000  0.020000
1.950000e+08  2.692742e+06  1.000000e+08  0.500000  0.020000
1.954000e+08  2.617974e+06  1.000000e+08  0.500000  0.020000
1.958000e+08  2.544583e+06  1.000000e+08  0.500000  0.020000
1.962000e+08  2.472553e+06  1.000000e+08  0.500000  0.020000
1.966000e+08  2.401864e+06  1.000000e+08  0.500000  0.020000
1.970000e+08  2.332500e+06  1.000000e+08  0.500000  0.020000
1.974000e+08  2.264444e+06  1.000000e+08  0.500000  0.020000
1.978000e+08  2.197677e+06  1.000000e+08  0.500000  0.020000
1.982000e+08  2.132182e+06  1.000000e+08  0.500000  0.020000
1.986000e+08  2.067941e+06  1.000000e+08  0.500000  0.020000
1.990000e+08  2.004938e+06  1.000000e+08  0.500000  0.020000
1.994000e+08  1.943159e+06  1.000000e+08  0.500000  0.020000
1.998000e+08  1.882587e+06  1.000000e+08  0.500000  0.020000
2.002000e+08  1.823208e+06  1.000000e+08  0.500000  0.020000
2.006000e+08  1.765005e+06  1.000000e+08  0.500000  0.020000
2.010000e+08  1.707962e+06  1.000000e+08  0.500000  0.020000
2.014000e+08  1.652063e+06  1.000000e+08  0.500000  0.020000
2.018000e+08  1.597296e+06  1.000000e+08  0.500000  0.020000
2.022000e+08  1.543645e+06  1.000000e+08  0.500000  0.020000
2.026000e+08  1.491097e+06  1.000000e+08  0.500000  0.020000
2.030000e+08  1.439639e+06  1.000000e+08  0.500000  0.020000
2.034000e+08  1.389256e+06  1.000000e+08  0.500000  0.020000
2.038000e+08  1.339934e+06  1.000000e+08  0.500000  0.020000
2.042000e+08  1.291660e+06  1.000000e+08  0.500000  0.020000
2.046000e+08  1.244421e+06  1.000000e+08  0.500000  0.020000
2.050000e+08  1.198205e+06  1.000000e+08  0.500000  0.020000
2.054000e+08  1.153000e+06  1.000000e+08  0.500000  0.020000
2.058000e+08  1.108794e+06  1.000000e+08  0.500000  0.020000
2.062000e+08  1.065574e+06  1.000000e+08  0.500000  0.020000
2.066000e+08  1.023328e+06  1.000000e+08  0.500000  0.020000
2.070000e+08  9.820446e+05  1.000000e+08  0.500000  0.020000
2.074000e+08  9.417137e+05  1.000000e+08  0.500000  0.020000
2.078000e+08  9.023251e+05  1.000000e+08  0.500000  0.020000
2.082000e+08  8.638672e+05  1.000000e+08  0.500000  0.020000
2.086000e+08  8.263285e+05  1.000000e+08  0.500000  0.020000
2.090000e+08  7.896999e+05  1.000000e+08  0.500000  0.020000
2.094000e+08  7.539716e+05  1.000000e+08  0.500000  0.020000
2.098000e+08  7.191352e+05  1.000000e+08  0.500000  0.020000
2.102000e+08  6.851805e+05  1.000000e+08  0.500000  0.020000
2.106000e+08  6.520977e+05  1.000000e+08  0.500000  0.020000
2.110000e+08  6.198789e+05  1.000000e+08  0.500000  0.020000
2.114000e+08  5.885162e+05  1.000000e+08  0.500000  0.020000
2.118000e+08  5.580024e+05  1.000000e+08  0.500000  0.020000
2.122000e+08  5.283285e+05  1.000000e+08  0.500000  0.020000
2.126000e+08  4.994871e+05  1.000000e+08  0.500000  0.020000
2.130000e+08  4.714721e+05  1.000000e+08  0.500000  0.020000
2.134000e+08  4.442782e+05  1.000000e+08  0.500000  0.020000
2.138000e+08  4.178978e+05  1.000000e+08  0.500000  0.020000
2.142000e+08  3.923254e+05  1.000000e+08  0.500000  0.020000
2.146000e+08  3.675570e+05  1.000000e+08  0.500000  0.020000
2.150000e+08  3.435886e+05  1.000000e+08  0.500000  0.020000
2.154000e+08  3.204148e+05  1.000000e+08  0.500000  0.020000
2.158000e+08  2.980335e+05  1.000000e+08  0.500000  0.020000
2.162000e+08  2.764433e+05  1.000000e+08  0.500000  0.020000
2.166000e+08  2.556410e+05  1.000000e+08  0.500000  0.020000
2.170000e+08  2.356268e+05  1.000000e+08  0.500000  0.020000
2.174000e+08  2.164024e+05  1.000000e+08  0.500000  0.020000
2.178000e+08  1.979677e+05  1.000000e+08  0.500000  0.020000
2.182000e+08  1.803271e+05  1.000000e+08  0.500000  0.020000
2.186000e+08  1.634850e+05  1.000000e+08  0.500000  0.020000
2.190000e+08  1.474474e+05  1.000000e+08  0.500000  0.020000
2.194000e+08  1.322237e+05  1.000000e+08  0.500000  0.020000
2.198000e+08  1.178228e+05  1.000000e+08  0.500000  0.020000
2.202000e+08  1.042587e+05  1.000000e+08  0.500000  0.020000
2.206000e+08  9.154453e+04  1.000000e+08  0.500000  0.020000
2.210000e+08  7.969769e+04  1.000000e+08  0.500000  0.020000
2.214000e+08  6.873530e+04  1.000000e+08  0.500000  0.020000
2.218000e+08  5.867440e+04  1.000000e+08  0.500000  0.020000
2.222000e+08  4.953144e+04  1.000000e+08  0.500000  0.020000
2.226000e+08  4.131703e+04  1.000000e+08  0.500000  0.020000
2.230000e+08  3.403412e+04  1.000000e+08  0.500000  0.020000
2.234000e+08  2.767361e+04  1.000000e+08  0.500000  0.020000
2.238000e+08  2.221059e+04  1.000000e+08  0.500000  0.020000
2.242000e+08  1.760155e+04  1.000000e+08  0.500000  0.020000
2.246000e+08  1.426454e+04  9.517762e+07  0.500000  0.020000
2.250000e+08  1.137746e+04  9.032809e+07  0.500000  0.020000
2.254000e+08  8.914813e+03  8.545810e+07  0.500000  0.020000
2.258000e+08  6.847735e+03  8.057568e+07  0.500000  0.020000
2.262000e+08  5.144071e+03  7.569026e+07  0.500000  0.020000
2.266000e+08  3.768777e+03  7.081273e+07  0.500000  0.020000
2.270000e+08  2.684421e+03  6.595541e+07  0.500000  0.020000
2.274000e+08  1.851910e+03  6.113206e+07  0.500000  0.020000
2.278000e+08  1.231938e+03  5.635785e+07  0.500000  0.020000
2.282000e+08  7.859763e+02  5.164932e+07  0.500000  0.020000
2.286000e+08  4.777326e+02  4.702447e+07  0.500000  0.020000
2.290000e+08  2.743305e+02  4.250298e+07  0.500000  0.020000
2.294000e+08  1.472234e+02  3.810665e+07  0.500000  0.020000
2.298000e+08  7.281107e+01  3.386037e+07  0.500000  0.020000
2.302000e+08  3.257607e+01  2.979374e+07  0.500000  0.020000
