#radius(zone center) density  temperature
720
4.000000e+05  7.900000e+07  2.310000e+08  0.50  0.00
1.200000e+06  7.899584e+07  2.310000e+08  0.50  0.00
2.000000e+06  7.898753e+07  2.310000e+08  0.50  0.00
2.800000e+06  7.897506e+07  2.310000e+08  0.50  0.00
3.600000e+06  7.895844e+07  2.310000e+08  0.50  0.00
4.400000e+06  7.893767e+07  2.310000e+08  0.50  0.00
5.200000e+06  7.891276e+07  2.310000e+08  0.50  0.00
6.000000e+06  7.888370e+07  2.310000e+08  0.50  0.00
6.800000e+06  7.885051e+07  2.310000e+08  0.50  0.00
7.600000e+06  7.881320e+07  2.310000e+08  0.50  0.00
8.400000e+06  7.877176e+07  2.310000e+08  0.50  0.00
9.200000e+06  7.872621e+07  2.310000e+08  0.50  0.00
1.000000e+07  7.867655e+07  2.310000e+08  0.50  0.00
1.080000e+07  7.862281e+07  2.310000e+08  0.50  0.00
1.160000e+07  7.856498e+07  2.310000e+08  0.50  0.00
1.240000e+07  7.850307e+07  2.310000e+08  0.50  0.00
1.320000e+07  7.843711e+07  2.310000e+08  0.50  0.00
1.400000e+07  7.836710e+07  2.310000e+08  0.50  0.00
1.480000e+07  7.829305e+07  2.310000e+08  0.50  0.00
1.560000e+07  7.821499e+07  2.310000e+08  0.50  0.00
1.640000e+07  7.813292e+07  2.310000e+08  0.50  0.00
1.720000e+07  7.804686e+07  2.310000e+08  0.50  0.00
1.800000e+07  7.795684e+07  2.310000e+08  0.50  0.00
1.880000e+07  7.786285e+07  2.310000e+08  0.50  0.00
1.960000e+07  7.776493e+07  2.310000e+08  0.50  0.00
2.040000e+07  7.766310e+07  2.310000e+08  0.50  0.00
2.120000e+07  7.755736e+07  2.310000e+08  0.50  0.00
2.200000e+07  7.744775e+07  2.310000e+08  0.50  0.00
2.280000e+07  7.733428e+07  2.310000e+08  0.50  0.00
2.360000e+07  7.721698e+07  2.310000e+08  0.50  0.00
2.440000e+07  7.709587e+07  2.310000e+08  0.50  0.00
2.520000e+07  7.697096e+07  2.310000e+08  0.50  0.00
2.600000e+07  7.684229e+07  2.310000e+08  0.50  0.00
2.680000e+07  7.670988e+07  2.310000e+08  0.50  0.00
2.760000e+07  7.657375e+07  2.310000e+08  0.50  0.00
2.840000e+07  7.643394e+07  2.310000e+08  0.50  0.00
2.920000e+07  7.629045e+07  2.310000e+08  0.50  0.00
3.000000e+07  7.614334e+07  2.310000e+08  0.50  0.00
3.080000e+07  7.599261e+07  2.310000e+08  0.50  0.00
3.160000e+07  7.583830e+07  2.310000e+08  0.50  0.00
3.240000e+07  7.568044e+07  2.310000e+08  0.50  0.00
3.320000e+07  7.551905e+07  2.310000e+08  0.50  0.00
3.400000e+07  7.535417e+07  2.310000e+08  0.50  0.00
3.480000e+07  7.518583e+07  2.310000e+08  0.50  0.00
3.560000e+07  7.501406e+07  2.310000e+08  0.50  0.00
3.640000e+07  7.483889e+07  2.310000e+08  0.50  0.00
3.720000e+07  7.466035e+07  2.310000e+08  0.50  0.00
3.800000e+07  7.447847e+07  2.310000e+08  0.50  0.00
3.880000e+07  7.429330e+07  2.310000e+08  0.50  0.00
3.960000e+07  7.410485e+07  2.310000e+08  0.50  0.00
4.040000e+07  7.391317e+07  2.310000e+08  0.50  0.00
4.120000e+07  7.371829e+07  2.310000e+08  0.50  0.00
4.200000e+07  7.352024e+07  2.310000e+08  0.50  0.00
4.280000e+07  7.331907e+07  2.310000e+08  0.50  0.00
4.360000e+07  7.311480e+07  2.310000e+08  0.50  0.00
4.440000e+07  7.290747e+07  2.310000e+08  0.50  0.00
4.520000e+07  7.269712e+07  2.310000e+08  0.50  0.00
4.600000e+07  7.248379e+07  2.310000e+08  0.50  0.00
4.680000e+07  7.226751e+07  2.310000e+08  0.50  0.00
4.760000e+07  7.204832e+07  2.310000e+08  0.50  0.00
4.840000e+07  7.182626e+07  2.310000e+08  0.50  0.00
4.920000e+07  7.160137e+07  2.310000e+08  0.50  0.00
5.000000e+07  7.137369e+07  2.310000e+08  0.50  0.00
5.080000e+07  7.114325e+07  2.310000e+08  0.50  0.00
5.160000e+07  7.091009e+07  2.310000e+08  0.50  0.00
5.240000e+07  7.067426e+07  2.310000e+08  0.50  0.00
5.320000e+07  7.043580e+07  2.310000e+08  0.50  0.00
5.400000e+07  7.019473e+07  2.310000e+08  0.50  0.00
5.480000e+07  6.995112e+07  2.310000e+08  0.50  0.00
5.560000e+07  6.970498e+07  2.310000e+08  0.50  0.00
5.640000e+07  6.945638e+07  2.310000e+08  0.50  0.00
5.720000e+07  6.920534e+07  2.310000e+08  0.50  0.00
5.800000e+07  6.895191e+07  2.310000e+08  0.50  0.00
5.880000e+07  6.869613e+07  2.310000e+08  0.50  0.00
5.960000e+07  6.843804e+07  2.310000e+08  0.50  0.00
6.040000e+07  6.817768e+07  2.310000e+08  0.50  0.00
6.120000e+07  6.791510e+07  2.310000e+08  0.50  0.00
6.200000e+07  6.765034e+07  2.310000e+08  0.50  0.00
6.280000e+07  6.738344e+07  2.310000e+08  0.50  0.00
6.360000e+07  6.711443e+07  2.310000e+08  0.50  0.00
6.440000e+07  6.684338e+07  2.310000e+08  0.50  0.00
6.520000e+07  6.657031e+07  2.310000e+08  0.50  0.00
6.600000e+07  6.629527e+07  2.310000e+08  0.50  0.00
6.680000e+07  6.601830e+07  2.310000e+08  0.50  0.00
6.760000e+07  6.573945e+07  2.310000e+08  0.50  0.00
6.840000e+07  6.545876e+07  2.310000e+08  0.50  0.00
6.920000e+07  6.517627e+07  2.310000e+08  0.50  0.00
7.000000e+07  6.489202e+07  2.310000e+08  0.50  0.00
7.080000e+07  6.460606e+07  2.310000e+08  0.50  0.00
7.160000e+07  6.431843e+07  2.310000e+08  0.50  0.00
7.240000e+07  6.402918e+07  2.310000e+08  0.50  0.00
7.320000e+07  6.373834e+07  2.310000e+08  0.50  0.00
7.400000e+07  6.344596e+07  2.310000e+08  0.50  0.00
7.480000e+07  6.315209e+07  2.310000e+08  0.50  0.00
7.560000e+07  6.285676e+07  2.310000e+08  0.50  0.00
7.640000e+07  6.256001e+07  2.310000e+08  0.50  0.00
7.720000e+07  6.226189e+07  2.310000e+08  0.50  0.00
7.800000e+07  6.196243e+07  2.310000e+08  0.50  0.00
7.880000e+07  6.166169e+07  2.310000e+08  0.50  0.00
7.960000e+07  6.135970e+07  2.310000e+08  0.50  0.00
8.040000e+07  6.105651e+07  2.310000e+08  0.50  0.00
8.120000e+07  6.075216e+07  2.310000e+08  0.50  0.00
8.200000e+07  6.044669e+07  2.310000e+08  0.50  0.00
8.280000e+07  6.014015e+07  2.310000e+08  0.50  0.00
8.360000e+07  5.983257e+07  2.310000e+08  0.50  0.00
8.440000e+07  5.952399e+07  2.310000e+08  0.50  0.00
8.520000e+07  5.921446e+07  2.310000e+08  0.50  0.00
8.600000e+07  5.890402e+07  2.310000e+08  0.50  0.00
8.680000e+07  5.859270e+07  2.310000e+08  0.50  0.00
8.760000e+07  5.828056e+07  2.310000e+08  0.50  0.00
8.840000e+07  5.796761e+07  2.310000e+08  0.50  0.00
8.920000e+07  5.765392e+07  2.310000e+08  0.50  0.00
9.000000e+07  5.733951e+07  2.310000e+08  0.50  0.00
9.080000e+07  5.702443e+07  2.310000e+08  0.50  0.00
9.160000e+07  5.670871e+07  2.310000e+08  0.50  0.00
9.240000e+07  5.639239e+07  2.310000e+08  0.50  0.00
9.320000e+07  5.607551e+07  2.310000e+08  0.50  0.00
9.400000e+07  5.575811e+07  2.310000e+08  0.50  0.00
9.480000e+07  5.544023e+07  2.310000e+08  0.50  0.00
9.560000e+07  5.512190e+07  2.310000e+08  0.50  0.00
9.640000e+07  5.480315e+07  2.310000e+08  0.50  0.00
9.720000e+07  5.448404e+07  2.310000e+08  0.50  0.00
9.800000e+07  5.416458e+07  2.310000e+08  0.50  0.00
9.880000e+07  5.384483e+07  2.310000e+08  0.50  0.00
9.960000e+07  5.352481e+07  2.310000e+08  0.50  0.00
1.004000e+08  5.320456e+07  2.310000e+08  0.50  0.00
1.012000e+08  5.288412e+07  2.310000e+08  0.50  0.00
1.020000e+08  5.256352e+07  2.310000e+08  0.50  0.00
1.028000e+08  5.224280e+07  2.310000e+08  0.50  0.00
1.036000e+08  5.192200e+07  2.310000e+08  0.50  0.00
1.044000e+08  5.160113e+07  2.310000e+08  0.50  0.00
1.052000e+08  5.128025e+07  2.310000e+08  0.50  0.00
1.060000e+08  5.095939e+07  2.310000e+08  0.50  0.00
1.068000e+08  5.063857e+07  2.310000e+08  0.50  0.00
1.076000e+08  5.031784e+07  2.310000e+08  0.50  0.00
1.084000e+08  4.999722e+07  2.310000e+08  0.50  0.00
1.092000e+08  4.967674e+07  2.310000e+08  0.50  0.00
1.100000e+08  4.935643e+07  2.310000e+08  0.50  0.00
1.108000e+08  4.903633e+07  2.310000e+08  0.50  0.00
1.116000e+08  4.871646e+07  2.310000e+08  0.50  0.00
1.124000e+08  4.839687e+07  2.310000e+08  0.50  0.00
1.132000e+08  4.807757e+07  2.310000e+08  0.50  0.00
1.140000e+08  4.775860e+07  2.310000e+08  0.50  0.00
1.148000e+08  4.743999e+07  2.310000e+08  0.50  0.00
1.156000e+08  4.712177e+07  2.310000e+08  0.50  0.00
1.164000e+08  4.680396e+07  2.310000e+08  0.50  0.00
1.172000e+08  4.648660e+07  2.310000e+08  0.50  0.00
1.180000e+08  4.616971e+07  2.310000e+08  0.50  0.00
1.188000e+08  4.585332e+07  2.310000e+08  0.50  0.00
1.196000e+08  4.553745e+07  2.310000e+08  0.50  0.00
1.204000e+08  4.522213e+07  2.310000e+08  0.50  0.00
1.212000e+08  4.490738e+07  2.310000e+08  0.50  0.00
1.220000e+08  4.459324e+07  2.310000e+08  0.50  0.00
1.228000e+08  4.427971e+07  2.310000e+08  0.50  0.00
1.236000e+08  4.396684e+07  2.310000e+08  0.50  0.00
1.244000e+08  4.365464e+07  2.310000e+08  0.50  0.00
1.252000e+08  4.334314e+07  2.310000e+08  0.50  0.00
1.260000e+08  4.303235e+07  2.310000e+08  0.50  0.00
1.268000e+08  4.272231e+07  2.310000e+08  0.50  0.00
1.276000e+08  4.241303e+07  2.310000e+08  0.50  0.00
1.284000e+08  4.210454e+07  2.310000e+08  0.50  0.00
1.292000e+08  4.179686e+07  2.310000e+08  0.50  0.00
1.300000e+08  4.149001e+07  2.310000e+08  0.50  0.00
1.308000e+08  4.118401e+07  2.310000e+08  0.50  0.00
1.316000e+08  4.087889e+07  2.310000e+08  0.50  0.00
1.324000e+08  4.057466e+07  2.310000e+08  0.50  0.00
1.332000e+08  4.027135e+07  2.310000e+08  0.50  0.00
1.340000e+08  3.996898e+07  2.310000e+08  0.50  0.00
1.348000e+08  3.966757e+07  2.310000e+08  0.50  0.00
1.356000e+08  3.936712e+07  2.310000e+08  0.50  0.00
1.364000e+08  3.906765e+07  2.310000e+08  0.50  0.00
1.372000e+08  3.876920e+07  2.310000e+08  0.50  0.00
1.380000e+08  3.847177e+07  2.310000e+08  0.50  0.00
1.388000e+08  3.817539e+07  2.310000e+08  0.50  0.00
1.396000e+08  3.788007e+07  2.310000e+08  0.50  0.00
1.404000e+08  3.758583e+07  2.310000e+08  0.50  0.00
1.412000e+08  3.729268e+07  2.310000e+08  0.50  0.00
1.420000e+08  3.700064e+07  2.310000e+08  0.50  0.00
1.428000e+08  3.670973e+07  2.310000e+08  0.50  0.00
1.436000e+08  3.641995e+07  2.310000e+08  0.50  0.00
1.444000e+08  3.613133e+07  2.310000e+08  0.50  0.00
1.452000e+08  3.584387e+07  2.310000e+08  0.50  0.00
1.460000e+08  3.555760e+07  2.310000e+08  0.50  0.00
1.468000e+08  3.527251e+07  2.310000e+08  0.50  0.00
1.476000e+08  3.498863e+07  2.310000e+08  0.50  0.00
1.484000e+08  3.470596e+07  2.310000e+08  0.50  0.00
1.492000e+08  3.442452e+07  2.310000e+08  0.50  0.00
1.500000e+08  3.414433e+07  2.310000e+08  0.50  0.00
1.508000e+08  3.386538e+07  2.310000e+08  0.50  0.00
1.516000e+08  3.358769e+07  2.310000e+08  0.50  0.00
1.524000e+08  3.331128e+07  2.310000e+08  0.50  0.00
1.532000e+08  3.303615e+07  2.310000e+08  0.50  0.00
1.540000e+08  3.276231e+07  2.310000e+08  0.50  0.00
1.548000e+08  3.248978e+07  2.310000e+08  0.50  0.00
1.556000e+08  3.221856e+07  2.310000e+08  0.50  0.00
1.564000e+08  3.194868e+07  2.310000e+08  0.50  0.00
1.572000e+08  3.168012e+07  2.310000e+08  0.50  0.00
1.580000e+08  3.141291e+07  2.310000e+08  0.50  0.00
1.588000e+08  3.114704e+07  2.310000e+08  0.50  0.00
1.596000e+08  3.088253e+07  2.310000e+08  0.50  0.00
1.604000e+08  3.061938e+07  2.310000e+08  0.50  0.00
1.612000e+08  3.035761e+07  2.310000e+08  0.50  0.00
1.620000e+08  3.009722e+07  2.310000e+08  0.50  0.00
1.628000e+08  2.983821e+07  2.310000e+08  0.50  0.00
1.636000e+08  2.958060e+07  2.310000e+08  0.50  0.00
1.644000e+08  2.932439e+07  2.310000e+08  0.50  0.00
1.652000e+08  2.906959e+07  2.310000e+08  0.50  0.00
1.660000e+08  2.881619e+07  2.310000e+08  0.50  0.00
1.668000e+08  2.856421e+07  2.310000e+08  0.50  0.00
1.676000e+08  2.831365e+07  2.310000e+08  0.50  0.00
1.684000e+08  2.806451e+07  2.310000e+08  0.50  0.00
1.692000e+08  2.781680e+07  2.310000e+08  0.50  0.00
1.700000e+08  2.757052e+07  2.310000e+08  0.50  0.00
1.708000e+08  2.732567e+07  2.310000e+08  0.50  0.00
1.716000e+08  2.708225e+07  2.310000e+08  0.50  0.00
1.724000e+08  2.684028e+07  2.310000e+08  0.50  0.00
1.732000e+08  2.659975e+07  2.310000e+08  0.50  0.00
1.740000e+08  2.636066e+07  2.310000e+08  0.50  0.00
1.748000e+08  2.612302e+07  2.310000e+08  0.50  0.00
1.756000e+08  2.588683e+07  2.310000e+08  0.50  0.00
1.764000e+08  2.565210e+07  2.310000e+08  0.50  0.00
1.772000e+08  2.541883e+07  2.310000e+08  0.50  0.00
1.780000e+08  2.518701e+07  2.310000e+08  0.50  0.00
1.788000e+08  2.495665e+07  2.310000e+08  0.50  0.00
1.796000e+08  2.472775e+07  2.310000e+08  0.50  0.00
1.804000e+08  2.450031e+07  2.310000e+08  0.50  0.00
1.812000e+08  2.427433e+07  2.310000e+08  0.50  0.00
1.820000e+08  2.404982e+07  2.310000e+08  0.50  0.00
1.828000e+08  2.382677e+07  2.310000e+08  0.50  0.00
1.836000e+08  2.360518e+07  2.310000e+08  0.50  0.00
1.844000e+08  2.338505e+07  2.310000e+08  0.50  0.00
1.852000e+08  2.316639e+07  2.310000e+08  0.50  0.00
1.860000e+08  2.294920e+07  2.310000e+08  0.50  0.00
1.868000e+08  2.273346e+07  2.310000e+08  0.50  0.00
1.876000e+08  2.251918e+07  2.310000e+08  0.50  0.00
1.884000e+08  2.230636e+07  2.310000e+08  0.50  0.00
1.892000e+08  2.209499e+07  2.310000e+08  0.50  0.00
1.900000e+08  2.188508e+07  2.310000e+08  0.50  0.00
1.908000e+08  2.167662e+07  2.310000e+08  0.50  0.00
1.916000e+08  2.146960e+07  2.310000e+08  0.50  0.00
1.924000e+08  2.126404e+07  2.310000e+08  0.50  0.00
1.932000e+08  2.105992e+07  2.310000e+08  0.50  0.00
1.940000e+08  2.085724e+07  2.310000e+08  0.50  0.00
1.948000e+08  2.065600e+07  2.310000e+08  0.50  0.00
1.956000e+08  2.045621e+07  2.310000e+08  0.50  0.00
1.964000e+08  2.025785e+07  2.310000e+08  0.50  0.00
1.972000e+08  2.006092e+07  2.310000e+08  0.50  0.00
1.980000e+08  1.986543e+07  2.310000e+08  0.50  0.00
1.988000e+08  1.967136e+07  2.310000e+08  0.50  0.00
1.996000e+08  1.947871e+07  2.310000e+08  0.50  0.00
2.004000e+08  1.928749e+07  2.310000e+08  0.50  0.00
2.012000e+08  1.909768e+07  2.310000e+08  0.50  0.00
2.020000e+08  1.890929e+07  2.310000e+08  0.50  0.00
2.028000e+08  1.872230e+07  2.310000e+08  0.50  0.00
2.036000e+08  1.853673e+07  2.310000e+08  0.50  0.00
2.044000e+08  1.835256e+07  2.310000e+08  0.50  0.00
2.052000e+08  1.816978e+07  2.310000e+08  0.50  0.00
2.060000e+08  1.798840e+07  2.310000e+08  0.50  0.00
2.068000e+08  1.780840e+07  2.310000e+08  0.50  0.00
2.076000e+08  1.762979e+07  2.310000e+08  0.50  0.00
2.084000e+08  1.745255e+07  2.310000e+08  0.50  0.00
2.092000e+08  1.727669e+07  2.310000e+08  0.50  0.00
2.100000e+08  1.710219e+07  2.310000e+08  0.50  0.00
2.108000e+08  1.692906e+07  2.310000e+08  0.50  0.00
2.116000e+08  1.675728e+07  2.310000e+08  0.50  0.00
2.124000e+08  1.658685e+07  2.310000e+08  0.50  0.00
2.132000e+08  1.641777e+07  2.310000e+08  0.50  0.00
2.140000e+08  1.625003e+07  2.310000e+08  0.50  0.00
2.148000e+08  1.608363e+07  2.310000e+08  0.50  0.00
2.156000e+08  1.591857e+07  2.310000e+08  0.50  0.00
2.164000e+08  1.575483e+07  2.310000e+08  0.50  0.00
2.172000e+08  1.559241e+07  2.310000e+08  0.50  0.00
2.180000e+08  1.543130e+07  2.310000e+08  0.50  0.00
2.188000e+08  1.527150e+07  2.310000e+08  0.50  0.00
2.196000e+08  1.511301e+07  2.310000e+08  0.50  0.00
2.204000e+08  1.495581e+07  2.310000e+08  0.50  0.00
2.212000e+08  1.479991e+07  2.310000e+08  0.50  0.00
2.220000e+08  1.464529e+07  2.310000e+08  0.50  0.00
2.228000e+08  1.449196e+07  2.310000e+08  0.50  0.00
2.236000e+08  1.433990e+07  2.310000e+08  0.50  0.00
2.244000e+08  1.418910e+07  2.310000e+08  0.50  0.00
2.252000e+08  1.403956e+07  2.310000e+08  0.50  0.00
2.260000e+08  1.389128e+07  2.310000e+08  0.50  0.00
2.268000e+08  1.374424e+07  2.310000e+08  0.50  0.00
2.276000e+08  1.359844e+07  2.310000e+08  0.50  0.00
2.284000e+08  1.345388e+07  2.310000e+08  0.50  0.00
2.292000e+08  1.331054e+07  2.310000e+08  0.50  0.00
2.300000e+08  1.316842e+07  2.310000e+08  0.50  0.00
2.308000e+08  1.302752e+07  2.310000e+08  0.50  0.00
2.316000e+08  1.288782e+07  2.310000e+08  0.50  0.00
2.324000e+08  1.274932e+07  2.310000e+08  0.50  0.00
2.332000e+08  1.261203e+07  2.310000e+08  0.50  0.00
2.340000e+08  1.247592e+07  2.310000e+08  0.50  0.00
2.348000e+08  1.234098e+07  2.310000e+08  0.50  0.00
2.356000e+08  1.220723e+07  2.310000e+08  0.50  0.00
2.364000e+08  1.207464e+07  2.310000e+08  0.50  0.00
2.372000e+08  1.194321e+07  2.310000e+08  0.50  0.00
2.380000e+08  1.181294e+07  2.310000e+08  0.50  0.00
2.388000e+08  1.168382e+07  2.310000e+08  0.50  0.00
2.396000e+08  1.155584e+07  2.310000e+08  0.50  0.00
2.404000e+08  1.142899e+07  2.310000e+08  0.50  0.00
2.412000e+08  1.130327e+07  2.310000e+08  0.50  0.00
2.420000e+08  1.117867e+07  2.310000e+08  0.50  0.00
2.428000e+08  1.105518e+07  2.310000e+08  0.50  0.00
2.436000e+08  1.093280e+07  2.310000e+08  0.50  0.00
2.444000e+08  1.081151e+07  2.310000e+08  0.50  0.00
2.452000e+08  1.069131e+07  2.310000e+08  0.50  0.00
2.460000e+08  1.057220e+07  2.310000e+08  0.50  0.00
2.468000e+08  1.045416e+07  2.310000e+08  0.50  0.00
2.476000e+08  1.033719e+07  2.310000e+08  0.50  0.00
2.484000e+08  1.022129e+07  2.310000e+08  0.50  0.00
2.492000e+08  1.010644e+07  2.310000e+08  0.50  0.00
2.500000e+08  9.992647e+06  2.310000e+08  0.50  0.00
2.508000e+08  9.879893e+06  2.310000e+08  0.50  0.00
2.516000e+08  9.768173e+06  2.310000e+08  0.50  0.00
2.524000e+08  9.657481e+06  2.310000e+08  0.50  0.00
2.532000e+08  9.547812e+06  2.310000e+08  0.50  0.00
2.540000e+08  9.439159e+06  2.310000e+08  0.50  0.00
2.548000e+08  9.331515e+06  2.310000e+08  0.50  0.00
2.556000e+08  9.224872e+06  2.310000e+08  0.50  0.00
2.564000e+08  9.119223e+06  2.310000e+08  0.50  0.00
2.572000e+08  9.014562e+06  2.310000e+08  0.50  0.00
2.580000e+08  8.910880e+06  2.310000e+08  0.50  0.00
2.588000e+08  8.808170e+06  2.310000e+08  0.50  0.00
2.596000e+08  8.706425e+06  2.310000e+08  0.50  0.00
2.604000e+08  8.605639e+06  2.310000e+08  0.50  0.00
2.612000e+08  8.505803e+06  2.310000e+08  0.50  0.00
2.620000e+08  8.406911e+06  2.310000e+08  0.50  0.00
2.628000e+08  8.308956e+06  2.310000e+08  0.50  0.00
2.636000e+08  8.211932e+06  2.310000e+08  0.50  0.00
2.644000e+08  8.115833e+06  2.310000e+08  0.50  0.00
2.652000e+08  8.020651e+06  2.310000e+08  0.50  0.00
2.660000e+08  7.926382e+06  2.310000e+08  0.50  0.00
2.668000e+08  7.833015e+06  2.310000e+08  0.50  0.00
2.676000e+08  7.740545e+06  2.310000e+08  0.50  0.00
2.684000e+08  7.648966e+06  2.310000e+08  0.50  0.00
2.692000e+08  7.558271e+06  2.310000e+08  0.50  0.00
2.700000e+08  7.468455e+06  2.310000e+08  0.50  0.00
2.708000e+08  7.379509e+06  2.310000e+08  0.50  0.00
2.716000e+08  7.291429e+06  2.310000e+08  0.50  0.00
2.724000e+08  7.204206e+06  2.310000e+08  0.50  0.00
2.732000e+08  7.117833e+06  2.310000e+08  0.50  0.00
2.740000e+08  7.032304e+06  2.310000e+08  0.50  0.00
2.748000e+08  6.947612e+06  2.310000e+08  0.50  0.00
2.756000e+08  6.863750e+06  2.310000e+08  0.50  0.00
2.764000e+08  6.780712e+06  2.310000e+08  0.50  0.00
2.772000e+08  6.698490e+06  2.310000e+08  0.50  0.00
2.780000e+08  6.617078e+06  2.310000e+08  0.50  0.00
2.788000e+08  6.536471e+06  2.310000e+08  0.50  0.00
2.796000e+08  6.456663e+06  2.310000e+08  0.50  0.00
2.804000e+08  6.377646e+06  2.310000e+08  0.50  0.00
2.812000e+08  6.299417e+06  2.310000e+08  0.50  0.00
2.820000e+08  6.221966e+06  2.310000e+08  0.50  0.00
2.828000e+08  6.145287e+06  2.310000e+08  0.50  0.00
2.836000e+08  6.069376e+06  2.310000e+08  0.50  0.00
2.844000e+08  5.994225e+06  2.310000e+08  0.50  0.00
2.852000e+08  5.919831e+06  2.310000e+08  0.50  0.00
2.860000e+08  5.846185e+06  2.310000e+08  0.50  0.00
2.868000e+08  5.773282e+06  2.310000e+08  0.50  0.00
2.876000e+08  5.701115e+06  2.310000e+08  0.50  0.00
2.884000e+08  5.629679e+06  2.310000e+08  0.50  0.00
2.892000e+08  5.558966e+06  2.310000e+08  0.50  0.00
2.900000e+08  5.488970e+06  2.310000e+08  0.50  0.00
2.908000e+08  5.419686e+06  2.310000e+08  0.50  0.00
2.916000e+08  5.351106e+06  2.310000e+08  0.50  0.00
2.924000e+08  5.283226e+06  2.310000e+08  0.50  0.00
2.932000e+08  5.216040e+06  2.310000e+08  0.50  0.00
2.940000e+08  5.149542e+06  2.310000e+08  0.50  0.00
2.948000e+08  5.083726e+06  2.310000e+08  0.50  0.00
2.956000e+08  5.018588e+06  2.310000e+08  0.50  0.00
2.964000e+08  4.954121e+06  2.310000e+08  0.50  0.00
2.972000e+08  4.890318e+06  2.310000e+08  0.50  0.00
2.980000e+08  4.827175e+06  2.310000e+08  0.50  0.00
2.988000e+08  4.764686e+06  2.310000e+08  0.50  0.00
2.996000e+08  4.702847e+06  2.310000e+08  0.50  0.00
3.004000e+08  4.641651e+06  2.310000e+08  0.50  0.00
3.012000e+08  4.581093e+06  2.310000e+08  0.50  0.00
3.020000e+08  4.521167e+06  2.310000e+08  0.50  0.00
3.028000e+08  4.461867e+06  2.310000e+08  0.50  0.00
3.036000e+08  4.403188e+06  2.310000e+08  0.50  0.00
3.044000e+08  4.345124e+06  2.310000e+08  0.50  0.00
3.052000e+08  4.287669e+06  2.310000e+08  0.50  0.00
3.060000e+08  4.230819e+06  2.310000e+08  0.50  0.00
3.068000e+08  4.174567e+06  2.310000e+08  0.50  0.00
3.076000e+08  4.118909e+06  2.310000e+08  0.50  0.00
3.084000e+08  4.063840e+06  2.310000e+08  0.50  0.00
3.092000e+08  4.009356e+06  2.310000e+08  0.50  0.00
3.100000e+08  3.955450e+06  2.310000e+08  0.50  0.00
3.108000e+08  3.902117e+06  2.310000e+08  0.50  0.00
3.116000e+08  3.849353e+06  2.310000e+08  0.50  0.00
3.124000e+08  3.797153e+06  2.310000e+08  0.50  0.00
3.132000e+08  3.745511e+06  2.310000e+08  0.50  0.00
3.140000e+08  3.694424e+06  2.310000e+08  0.50  0.00
3.148000e+08  3.643886e+06  2.310000e+08  0.50  0.00
3.156000e+08  3.593892e+06  2.310000e+08  0.50  0.00
3.164000e+08  3.544436e+06  2.310000e+08  0.50  0.00
3.172000e+08  3.495514e+06  2.310000e+08  0.50  0.00
3.180000e+08  3.447121e+06  2.310000e+08  0.50  0.00
3.188000e+08  3.399252e+06  2.310000e+08  0.50  0.00
3.196000e+08  3.351902e+06  2.310000e+08  0.50  0.00
3.204000e+08  3.305066e+06  2.310000e+08  0.50  0.00
3.212000e+08  3.258741e+06  2.310000e+08  0.50  0.00
3.220000e+08  3.212921e+06  2.310000e+08  0.50  0.00
3.228000e+08  3.167603e+06  2.310000e+08  0.50  0.00
3.236000e+08  3.122782e+06  2.310000e+08  0.50  0.00
3.244000e+08  3.078452e+06  2.310000e+08  0.50  0.00
3.252000e+08  3.034609e+06  2.310000e+08  0.50  0.00
3.260000e+08  2.991251e+06  2.310000e+08  0.50  0.00
3.268000e+08  2.948372e+06  2.310000e+08  0.50  0.00
3.276000e+08  2.905968e+06  2.310000e+08  0.50  0.00
3.284000e+08  2.864034e+06  2.310000e+08  0.50  0.00
3.292000e+08  2.822566e+06  2.310000e+08  0.50  0.00
3.300000e+08  2.781559e+06  2.310000e+08  0.50  0.00
3.308000e+08  2.741009e+06  2.310000e+08  0.50  0.00
3.316000e+08  2.700912e+06  2.310000e+08  0.50  0.00
3.324000e+08  2.661263e+06  2.310000e+08  0.50  0.00
3.332000e+08  2.622059e+06  2.310000e+08  0.50  0.00
3.340000e+08  2.583295e+06  2.310000e+08  0.50  0.00
3.348000e+08  2.544968e+06  2.310000e+08  0.50  0.00
3.356000e+08  2.507073e+06  2.310000e+08  0.50  0.00
3.364000e+08  2.469607e+06  2.310000e+08  0.50  0.00
3.372000e+08  2.432566e+06  2.310000e+08  0.50  0.00
3.380000e+08  2.395945e+06  2.310000e+08  0.50  0.00
3.388000e+08  2.359741e+06  2.310000e+08  0.50  0.00
3.396000e+08  2.323952e+06  2.310000e+08  0.50  0.00
3.404000e+08  2.288571e+06  2.310000e+08  0.50  0.00
3.412000e+08  2.253596e+06  2.310000e+08  0.50  0.00
3.420000e+08  2.219023e+06  2.310000e+08  0.50  0.00
3.428000e+08  2.184847e+06  2.310000e+08  0.50  0.00
3.436000e+08  2.151065e+06  2.310000e+08  0.50  0.00
3.444000e+08  2.117672e+06  2.310000e+08  0.50  0.00
3.452000e+08  2.084667e+06  2.310000e+08  0.50  0.00
3.460000e+08  2.052044e+06  2.310000e+08  0.50  0.00
3.468000e+08  2.019801e+06  2.310000e+08  0.50  0.00
3.476000e+08  1.987934e+06  2.310000e+08  0.50  0.00
3.484000e+08  1.956440e+06  2.310000e+08  0.50  0.00
3.492000e+08  1.925314e+06  2.310000e+08  0.50  0.00
3.500000e+08  1.894555e+06  2.310000e+08  0.50  0.00
3.508000e+08  1.864158e+06  2.310000e+08  0.50  0.00
3.516000e+08  1.834121e+06  2.310000e+08  0.50  0.00
3.524000e+08  1.804440e+06  2.310000e+08  0.50  0.00
3.532000e+08  1.775111e+06  2.310000e+08  0.50  0.00
3.540000e+08  1.746130e+06  2.310000e+08  0.50  0.00
3.548000e+08  1.717495e+06  2.310000e+08  0.50  0.00
3.556000e+08  1.689202e+06  2.310000e+08  0.50  0.00
3.564000e+08  1.661248e+06  2.310000e+08  0.50  0.00
3.572000e+08  1.633630e+06  2.310000e+08  0.50  0.00
3.580000e+08  1.606344e+06  2.310000e+08  0.50  0.00
3.588000e+08  1.579389e+06  2.310000e+08  0.50  0.00
3.596000e+08  1.552761e+06  2.310000e+08  0.50  0.00
3.604000e+08  1.526456e+06  2.310000e+08  0.50  0.00
3.612000e+08  1.500472e+06  2.310000e+08  0.50  0.00
3.620000e+08  1.474806e+06  2.310000e+08  0.50  0.00
3.628000e+08  1.449456e+06  2.310000e+08  0.50  0.00
3.636000e+08  1.424417e+06  2.310000e+08  0.50  0.00
3.644000e+08  1.399688e+06  2.310000e+08  0.50  0.00
3.652000e+08  1.375264e+06  2.310000e+08  0.50  0.00
3.660000e+08  1.351143e+06  2.310000e+08  0.50  0.00
3.668000e+08  1.327322e+06  2.310000e+08  0.50  0.00
3.676000e+08  1.303799e+06  2.310000e+08  0.50  0.00
3.684000e+08  1.280570e+06  2.310000e+08  0.50  0.00
3.692000e+08  1.257634e+06  2.310000e+08  0.50  0.00
3.700000e+08  1.234987e+06  2.310000e+08  0.50  0.00
3.708000e+08  1.212627e+06  2.310000e+08  0.50  0.00
3.716000e+08  1.190551e+06  2.310000e+08  0.50  0.00
3.724000e+08  1.168757e+06  2.310000e+08  0.50  0.00
3.732000e+08  1.147243e+06  2.310000e+08  0.50  0.00
3.740000e+08  1.126005e+06  2.310000e+08  0.50  0.00
3.748000e+08  1.105041e+06  2.310000e+08  0.50  0.00
3.756000e+08  1.084348e+06  2.310000e+08  0.50  0.00
3.764000e+08  1.063923e+06  2.310000e+08  0.50  0.00
3.772000e+08  1.043765e+06  2.310000e+08  0.50  0.00
3.780000e+08  1.023870e+06  2.310000e+08  0.50  0.00
3.788000e+08  1.004237e+06  2.310000e+08  0.50  0.00
3.796000e+08  9.848638e+05  2.310000e+08  0.50  0.00
3.804000e+08  9.657469e+05  2.310000e+08  0.50  0.00
3.812000e+08  9.468850e+05  2.310000e+08  0.50  0.00
3.820000e+08  9.282760e+05  2.310000e+08  0.50  0.00
3.828000e+08  9.099174e+05  2.310000e+08  0.50  0.00
3.836000e+08  8.918068e+05  2.310000e+08  0.50  0.00
3.844000e+08  8.739417e+05  2.310000e+08  0.50  0.00
3.852000e+08  8.563197e+05  2.310000e+08  0.50  0.00
3.860000e+08  8.389386e+05  2.310000e+08  0.50  0.00
3.868000e+08  8.217964e+05  2.310000e+08  0.50  0.00
3.876000e+08  8.048913e+05  2.310000e+08  0.50  0.00
3.884000e+08  7.882214e+05  2.310000e+08  0.50  0.00
3.892000e+08  7.717841e+05  2.310000e+08  0.50  0.00
3.900000e+08  7.555780e+05  2.310000e+08  0.50  0.00
3.908000e+08  7.396014e+05  2.310000e+08  0.50  0.00
3.916000e+08  7.238522e+05  2.310000e+08  0.50  0.00
3.924000e+08  7.083282e+05  2.310000e+08  0.50  0.00
3.932000e+08  6.930272e+05  2.310000e+08  0.50  0.00
3.940000e+08  6.779470e+05  2.310000e+08  0.50  0.00
3.948000e+08  6.630858e+05  2.310000e+08  0.50  0.00
3.956000e+08  6.484419e+05  2.310000e+08  0.50  0.00
3.964000e+08  6.340138e+05  2.310000e+08  0.50  0.00
3.972000e+08  6.197997e+05  2.310000e+08  0.50  0.00
3.980000e+08  6.057975e+05  2.310000e+08  0.50  0.00
3.988000e+08  5.920062e+05  2.310000e+08  0.50  0.00
3.996000e+08  5.784241e+05  2.310000e+08  0.50  0.00
4.004000e+08  5.650493e+05  2.310000e+08  0.50  0.00
4.012000e+08  5.518797e+05  2.310000e+08  0.50  0.00
4.020000e+08  5.389135e+05  2.310000e+08  0.50  0.00
4.028000e+08  5.261489e+05  2.310000e+08  0.50  0.00
4.036000e+08  5.135845e+05  2.310000e+08  0.50  0.00
4.044000e+08  5.012192e+05  2.310000e+08  0.50  0.00
4.052000e+08  4.890511e+05  2.310000e+08  0.50  0.00
4.060000e+08  4.770788e+05  2.310000e+08  0.50  0.00
4.068000e+08  4.653014e+05  2.310000e+08  0.50  0.00
4.076000e+08  4.537172e+05  2.310000e+08  0.50  0.00
4.084000e+08  4.423244e+05  2.310000e+08  0.50  0.00
4.092000e+08  4.311213e+05  2.310000e+08  0.50  0.00
4.100000e+08  4.201061e+05  2.310000e+08  0.50  0.00
4.108000e+08  4.092777e+05  2.310000e+08  0.50  0.00
4.116000e+08  3.986351e+05  2.310000e+08  0.50  0.00
4.124000e+08  3.881766e+05  2.310000e+08  0.50  0.00
4.132000e+08  3.779012e+05  2.310000e+08  0.50  0.00
4.140000e+08  3.678079e+05  2.310000e+08  0.50  0.00
4.148000e+08  3.578953e+05  2.310000e+08  0.50  0.00
4.156000e+08  3.481616e+05  2.310000e+08  0.50  0.00
4.164000e+08  3.386052e+05  2.310000e+08  0.50  0.00
4.172000e+08  3.292246e+05  2.310000e+08  0.50  0.00
4.180000e+08  3.200191e+05  2.310000e+08  0.50  0.00
4.188000e+08  3.109875e+05  2.310000e+08  0.50  0.00
4.196000e+08  3.021283e+05  2.310000e+08  0.50  0.00
4.204000e+08  2.934410e+05  2.310000e+08  0.50  0.00
4.212000e+08  2.849242e+05  2.310000e+08  0.50  0.00
4.220000e+08  2.765763e+05  2.310000e+08  0.50  0.00
4.228000e+08  2.683956e+05  2.310000e+08  0.50  0.00
4.236000e+08  2.603808e+05  2.310000e+08  0.50  0.00
4.244000e+08  2.525310e+05  2.310000e+08  0.50  0.00
4.252000e+08  2.448452e+05  2.310000e+08  0.50  0.00
4.260000e+08  2.373221e+05  2.310000e+08  0.50  0.00
4.268000e+08  2.299609e+05  2.310000e+08  0.50  0.00
4.276000e+08  2.227602e+05  2.310000e+08  0.50  0.00
4.284000e+08  2.157180e+05  2.310000e+08  0.50  0.00
4.292000e+08  2.088330e+05  2.310000e+08  0.50  0.00
4.300000e+08  2.021040e+05  2.310000e+08  0.50  0.00
4.308000e+08  1.955301e+05  2.310000e+08  0.50  0.00
4.316000e+08  1.891098e+05  2.310000e+08  0.50  0.00
4.324000e+08  1.828423e+05  2.310000e+08  0.50  0.00
4.332000e+08  1.767260e+05  2.310000e+08  0.50  0.00
4.340000e+08  1.707589e+05  2.310000e+08  0.50  0.00
4.348000e+08  1.649395e+05  2.310000e+08  0.50  0.00
4.356000e+08  1.592665e+05  2.310000e+08  0.50  0.00
4.364000e+08  1.537385e+05  2.310000e+08  0.50  0.00
4.372000e+08  1.483544e+05  2.310000e+08  0.50  0.00
4.380000e+08  1.431127e+05  2.310000e+08  0.50  0.00
4.388000e+08  1.380115e+05  2.310000e+08  0.50  0.00
4.396000e+08  1.330486e+05  2.310000e+08  0.50  0.00
4.404000e+08  1.282224e+05  2.310000e+08  0.50  0.00
4.412000e+08  1.235317e+05  2.310000e+08  0.50  0.00
4.420000e+08  1.189745e+05  2.310000e+08  0.50  0.00
4.428000e+08  1.145495e+05  2.310000e+08  0.50  0.00
4.436000e+08  1.102546e+05  2.310000e+08  0.50  0.00
4.444000e+08  1.060874e+05  2.310000e+08  0.50  0.00
4.452000e+08  1.020458e+05  2.310000e+08  0.50  0.00
4.460000e+08  9.812843e+04  2.310000e+08  0.50  0.00
4.468000e+08  9.433308e+04  2.310000e+08  0.50  0.00
4.476000e+08  9.065818e+04  2.310000e+08  0.50  0.00
4.484000e+08  8.710122e+04  2.310000e+08  0.50  0.00
4.492000e+08  8.365962e+04  2.310000e+08  0.50  0.00
4.500000e+08  8.033129e+04  2.310000e+08  0.50  0.00
4.508000e+08  7.711427e+04  2.310000e+08  0.50  0.00
4.516000e+08  7.400644e+04  2.310000e+08  0.50  0.00
4.524000e+08  7.100570e+04  2.310000e+08  0.50  0.00
4.532000e+08  6.810927e+04  2.310000e+08  0.50  0.00
4.540000e+08  6.531457e+04  2.310000e+08  0.50  0.00
4.548000e+08  6.261953e+04  2.310000e+08  0.50  0.00
4.556000e+08  6.002175e+04  2.310000e+08  0.50  0.00
4.564000e+08  5.751924e+04  2.310000e+08  0.50  0.00
4.572000e+08  5.510934e+04  2.310000e+08  0.50  0.00
4.580000e+08  5.278926e+04  2.310000e+08  0.50  0.00
4.588000e+08  5.055665e+04  2.310000e+08  0.50  0.00
4.596000e+08  4.840928e+04  2.310000e+08  0.50  0.00
4.604000e+08  4.634490e+04  2.310000e+08  0.50  0.00
4.612000e+08  4.436115e+04  2.310000e+08  0.50  0.00
4.620000e+08  4.245526e+04  2.310000e+08  0.50  0.00
4.628000e+08  4.062476e+04  2.310000e+08  0.50  0.00
4.636000e+08  3.886755e+04  2.310000e+08  0.50  0.00
4.644000e+08  3.718133e+04  2.310000e+08  0.50  0.00
4.652000e+08  3.556398e+04  2.310000e+08  0.50  0.00
4.660000e+08  3.401289e+04  2.310000e+08  0.50  0.00
4.668000e+08  3.252569e+04  2.310000e+08  0.50  0.00
4.676000e+08  3.110035e+04  2.310000e+08  0.50  0.00
4.684000e+08  2.973473e+04  2.310000e+08  0.50  0.00
4.692000e+08  2.842691e+04  2.310000e+08  0.50  0.00
4.700000e+08  2.717454e+04  2.310000e+08  0.50  0.00
4.708000e+08  2.597543e+04  2.310000e+08  0.50  0.00
4.716000e+08  2.482773e+04  2.310000e+08  0.50  0.00
4.724000e+08  2.372950e+04  2.310000e+08  0.50  0.00
4.732000e+08  2.267903e+04  2.310000e+08  0.50  0.00
4.740000e+08  2.167429e+04  2.310000e+08  0.50  0.00
4.748000e+08  2.071332e+04  2.310000e+08  0.50  0.00
4.756000e+08  1.979449e+04  2.310000e+08  0.50  0.00
4.764000e+08  1.891612e+04  2.310000e+08  0.50  0.00
4.772000e+08  1.807670e+04  2.310000e+08  0.50  0.00
4.780000e+08  1.727453e+04  2.310000e+08  0.50  0.00
4.788000e+08  1.650791e+04  2.310000e+08  0.50  0.00
4.796000e+08  1.577544e+04  2.310000e+08  0.50  0.00
4.804000e+08  1.507570e+04  2.310000e+08  0.50  0.00
4.812000e+08  1.440741e+04  2.310000e+08  0.50  0.00
4.820000e+08  1.376914e+04  2.310000e+08  0.50  0.00
4.828000e+08  1.315949e+04  2.310000e+08  0.50  0.00
4.836000e+08  1.257726e+04  2.310000e+08  0.50  0.00
4.844000e+08  1.202128e+04  2.310000e+08  0.50  0.00
4.852000e+08  1.149048e+04  2.310000e+08  0.50  0.00
4.860000e+08  1.098371e+04  2.310000e+08  0.50  0.00
4.868000e+08  1.049981e+04  2.310000e+08  0.50  0.00
4.876000e+08  1.003777e+04  2.310000e+08  0.50  0.00
4.884000e+08  9.596649e+03  2.310000e+08  0.50  0.00
4.892000e+08  9.175574e+03  2.310000e+08  0.50  0.00
4.900000e+08  8.773622e+03  2.310000e+08  0.50  0.00
4.908000e+08  8.389841e+03  2.310000e+08  0.50  0.00
4.916000e+08  8.023412e+03  2.310000e+08  0.50  0.00
4.924000e+08  7.754063e+03  2.290971e+08  0.50  0.00
4.932000e+08  7.492441e+03  2.272011e+08  0.50  0.00
4.940000e+08  7.238398e+03  2.253122e+08  0.50  0.00
4.948000e+08  6.991725e+03  2.234302e+08  0.50  0.00
4.956000e+08  6.752211e+03  2.215552e+08  0.50  0.00
4.964000e+08  6.519675e+03  2.196872e+08  0.50  0.00
4.972000e+08  6.293981e+03  2.178262e+08  0.50  0.00
4.980000e+08  6.074950e+03  2.159722e+08  0.50  0.00
4.988000e+08  5.862453e+03  2.141252e+08  0.50  0.00
4.996000e+08  5.656332e+03  2.122851e+08  0.50  0.00
5.004000e+08  5.456397e+03  2.104520e+08  0.50  0.00
5.012000e+08  5.262474e+03  2.086259e+08  0.50  0.00
5.020000e+08  5.074422e+03  2.068068e+08  0.50  0.00
5.028000e+08  4.892113e+03  2.049947e+08  0.50  0.00
5.036000e+08  4.715401e+03  2.031896e+08  0.50  0.00
5.044000e+08  4.544170e+03  2.013914e+08  0.50  0.00
5.052000e+08  4.378255e+03  1.996002e+08  0.50  0.00
5.060000e+08  4.217496e+03  1.978160e+08  0.50  0.00
5.068000e+08  4.061761e+03  1.960389e+08  0.50  0.00
5.076000e+08  3.910942e+03  1.942687e+08  0.50  0.00
5.084000e+08  3.764905e+03  1.925055e+08  0.50  0.00
5.092000e+08  3.623550e+03  1.907493e+08  0.50  0.00
5.100000e+08  3.486736e+03  1.890001e+08  0.50  0.00
5.108000e+08  3.354320e+03  1.872579e+08  0.50  0.00
5.116000e+08  3.226184e+03  1.855227e+08  0.50  0.00
5.124000e+08  3.102233e+03  1.837946e+08  0.50  0.00
5.132000e+08  2.982351e+03  1.820734e+08  0.50  0.00
5.140000e+08  2.866446e+03  1.803593e+08  0.50  0.00
5.148000e+08  2.754394e+03  1.786523e+08  0.50  0.00
5.156000e+08  2.646071e+03  1.769522e+08  0.50  0.00
5.164000e+08  2.541377e+03  1.752592e+08  0.50  0.00
5.172000e+08  2.440225e+03  1.735733e+08  0.50  0.00
5.180000e+08  2.342519e+03  1.718945e+08  0.50  0.00
5.188000e+08  2.248171e+03  1.702227e+08  0.50  0.00
5.196000e+08  2.157068e+03  1.685580e+08  0.50  0.00
5.204000e+08  2.069108e+03  1.669003e+08  0.50  0.00
5.212000e+08  1.984212e+03  1.652498e+08  0.50  0.00
5.220000e+08  1.902291e+03  1.636064e+08  0.50  0.00
5.228000e+08  1.823275e+03  1.619701e+08  0.50  0.00
5.236000e+08  1.747072e+03  1.603410e+08  0.50  0.00
5.244000e+08  1.673583e+03  1.587190e+08  0.50  0.00
5.252000e+08  1.602730e+03  1.571041e+08  0.50  0.00
5.260000e+08  1.534444e+03  1.554965e+08  0.50  0.00
5.268000e+08  1.468651e+03  1.538960e+08  0.50  0.00
5.276000e+08  1.405281e+03  1.523027e+08  0.50  0.00
5.284000e+08  1.344246e+03  1.507166e+08  0.50  0.00
5.292000e+08  1.285472e+03  1.491378e+08  0.50  0.00
5.300000e+08  1.228897e+03  1.475663e+08  0.50  0.00
5.308000e+08  1.174455e+03  1.460020e+08  0.50  0.00
5.316000e+08  1.122088e+03  1.444450e+08  0.50  0.00
5.324000e+08  1.071718e+03  1.428953e+08  0.50  0.00
5.332000e+08  1.023276e+03  1.413529e+08  0.50  0.00
5.340000e+08  9.767106e+02  1.398179e+08  0.50  0.00
5.348000e+08  9.319625e+02  1.382903e+08  0.50  0.00
5.356000e+08  8.889789e+02  1.367701e+08  0.50  0.00
5.364000e+08  8.476921e+02  1.352572e+08  0.50  0.00
5.372000e+08  8.080433e+02  1.337519e+08  0.50  0.00
5.380000e+08  7.699852e+02  1.322540e+08  0.50  0.00
5.388000e+08  7.334678e+02  1.307636e+08  0.50  0.00
5.396000e+08  6.984416e+02  1.292808e+08  0.50  0.00
5.404000e+08  6.648472e+02  1.278055e+08  0.50  0.00
5.412000e+08  6.326369e+02  1.263378e+08  0.50  0.00
5.420000e+08  6.017665e+02  1.248777e+08  0.50  0.00
5.428000e+08  5.721954e+02  1.234253e+08  0.50  0.00
5.436000e+08  5.438746e+02  1.219805e+08  0.50  0.00
5.444000e+08  5.167544e+02  1.205435e+08  0.50  0.00
5.452000e+08  4.907967e+02  1.191143e+08  0.50  0.00
5.460000e+08  4.659619e+02  1.176928e+08  0.50  0.00
5.468000e+08  4.422131e+02  1.162792e+08  0.50  0.00
5.476000e+08  4.195043e+02  1.148735e+08  0.50  0.00
5.484000e+08  3.977979e+02  1.134756e+08  0.50  0.00
5.492000e+08  3.770594e+02  1.120858e+08  0.50  0.00
5.500000e+08  3.572571e+02  1.107040e+08  0.50  0.00
5.508000e+08  3.383519e+02  1.093302e+08  0.50  0.00
5.516000e+08  3.203073e+02  1.079645e+08  0.50  0.00
5.524000e+08  3.030939e+02  1.066070e+08  0.50  0.00
5.532000e+08  2.866825e+02  1.052577e+08  0.50  0.00
5.540000e+08  2.710402e+02  1.039166e+08  0.50  0.00
5.548000e+08  2.561339e+02  1.025839e+08  0.50  0.00
5.556000e+08  2.419372e+02  1.012595e+08  0.50  0.00
5.564000e+08  2.284240e+02  9.994357e+07  0.50  0.00
5.572000e+08  2.155662e+02  9.863612e+07  0.50  0.00
5.580000e+08  2.033342e+02  9.733722e+07  0.50  0.00
5.588000e+08  1.917047e+02  9.604695e+07  0.50  0.00
5.596000e+08  1.806548e+02  9.476536e+07  0.50  0.00
5.604000e+08  1.701593e+02  9.349252e+07  0.50  0.00
5.612000e+08  1.601928e+02  9.222850e+07  0.50  0.00
5.620000e+08  1.507349e+02  9.097339e+07  0.50  0.00
5.628000e+08  1.417655e+02  8.972725e+07  0.50  0.00
5.636000e+08  1.332616e+02  8.849015e+07  0.50  0.00
5.644000e+08  1.252024e+02  8.726218e+07  0.50  0.00
5.652000e+08  1.175695e+02  8.604343e+07  0.50  0.00
5.660000e+08  1.103454e+02  8.483397e+07  0.50  0.00
5.668000e+08  1.035094e+02  8.363389e+07  0.50  0.00
5.676000e+08  9.704445e+01  8.244328e+07  0.50  0.00
5.684000e+08  9.093496e+01  8.126225e+07  0.50  0.00
5.692000e+08  8.516420e+01  8.009086e+07  0.50  0.00
5.700000e+08  7.971499e+01  7.892923e+07  0.50  0.00
5.708000e+08  7.457324e+01  7.777746e+07  0.50  0.00
5.716000e+08  6.972527e+01  7.663564e+07  0.50  0.00
5.724000e+08  6.515534e+01  7.550388e+07  0.50  0.00
5.732000e+08  6.085031e+01  7.438228e+07  0.50  0.00
5.740000e+08  5.679812e+01  7.327097e+07  0.50  0.00
5.748000e+08  5.298564e+01  7.217005e+07  0.50  0.00
5.756000e+08  4.940029e+01  7.107962e+07  0.50  0.00
#got 1.149927e+00 Msun
